0.999899 0.001554 0.014112 -0.737010 -0.001569 0.999998 0.001101 -0.231029 -0.014111 -0.001123 0.999900 1.741915 
0.999721 0.003644 0.023320 -0.790707 -0.003663 0.999993 0.000790 -0.236677 -0.023317 -0.000875 0.999728 2.740456 
0.999623 0.003755 0.027203 -0.827722 -0.003745 0.999993 -0.000402 -0.259409 -0.027205 0.000300 0.999630 3.739512 
0.999667 0.004055 0.025474 -0.808788 -0.003997 0.999989 -0.002303 -0.249241 -0.025483 0.002200 0.999673 4.739281 
0.999807 0.002496 0.019504 -0.849327 -0.002416 0.999989 -0.004130 -0.240393 -0.019514 0.004082 0.999801 5.738420 
0.999976 0.000146 0.006916 -0.838171 -0.000105 0.999983 -0.005911 -0.251365 -0.006916 0.005911 0.999959 6.738298 
0.999932 -0.001323 -0.011616 -0.758637 0.001263 0.999986 -0.005166 -0.320030 0.011623 0.005151 0.999919 7.732762 
0.999479 0.005078 -0.031879 -0.714491 -0.005220 0.999977 -0.004370 -0.328154 0.031856 0.004534 0.999482 8.731754 
0.998597 0.008227 -0.052314 -0.776901 -0.008554 0.999945 -0.006019 -0.309940 0.052262 0.006458 0.998613 9.729638 
0.997207 0.008036 -0.074255 -0.771743 -0.008505 0.999946 -0.006005 -0.305158 0.074203 0.006620 0.997221 10.729614 
0.995523 0.007348 -0.094234 -0.937657 -0.007857 0.999956 -0.005030 -0.329155 0.094193 0.005748 0.995537 11.715462 
0.993261 0.003537 -0.115842 -1.007061 -0.004032 0.999984 -0.004043 -0.339882 0.115826 0.004483 0.993259 12.712993 
0.991232 0.006845 -0.131956 -1.257610 -0.007202 0.999972 -0.002221 -0.391081 0.131937 0.003152 0.991253 13.679742 
0.989080 0.006949 -0.147217 -1.469247 -0.007127 0.999974 -0.000686 -0.424365 0.147208 0.001728 0.989104 14.656523 
0.986953 0.006645 -0.160874 -1.657952 -0.006738 0.999977 -0.000033 -0.456880 0.160870 0.001116 0.986975 15.638019 
0.984752 0.003234 -0.173935 -1.817639 -0.003476 0.999993 -0.001089 -0.459726 0.173930 0.001677 0.984757 16.625182 
0.982987 -0.000946 -0.183673 -2.024170 0.000189 0.999991 -0.004136 -0.453261 0.183676 0.004031 0.982979 17.603601 
0.981546 -0.000153 -0.191226 -2.245260 -0.000985 0.999982 -0.005854 -0.463692 0.191223 0.005935 0.981529 18.578799 
0.979962 -0.000443 -0.199183 -2.447622 -0.001173 0.999967 -0.007991 -0.461640 0.199180 0.008064 0.979930 19.558107 
0.978042 -0.002747 -0.208388 -2.633779 0.000489 0.999941 -0.010884 -0.469672 0.208406 0.010543 0.977986 20.540595 
0.976065 -0.007211 -0.217361 -2.819741 0.004625 0.999912 -0.012404 -0.501214 0.217432 0.011102 0.976012 21.522645 
0.974015 -0.014569 -0.226013 -2.993342 0.011821 0.999839 -0.013508 -0.523063 0.226174 0.010486 0.974031 22.507219 
0.971463 -0.018367 -0.236479 -3.215900 0.015056 0.999762 -0.015799 -0.555705 0.236713 0.011788 0.971508 23.481592 
0.969341 -0.015787 -0.245211 -3.531955 0.011180 0.999734 -0.020167 -0.572641 0.245464 0.016807 0.969260 24.430181 
0.967248 -0.010622 -0.253612 -3.777657 0.005042 0.999731 -0.022642 -0.595613 0.253785 0.020622 0.967041 25.399254 
0.965269 -0.012844 -0.260940 -4.131514 0.006933 0.999698 -0.023560 -0.654273 0.261164 0.020933 0.965067 26.332712 
0.962923 -0.016465 -0.269273 -4.425298 0.009734 0.999606 -0.026315 -0.686604 0.269600 0.022718 0.962704 27.288038 
0.961173 -0.012783 -0.275649 -4.724816 0.005277 0.999595 -0.027956 -0.745393 0.275895 0.025416 0.960852 28.240315 
0.958863 -0.012906 -0.283576 -5.035735 0.004327 0.999514 -0.030859 -0.797766 0.283836 0.028362 0.958453 29.189307 
0.956674 -0.013878 -0.290831 -5.359592 0.003614 0.999352 -0.035798 -0.845797 0.291139 0.033196 0.956105 30.134193 
0.954916 -0.015198 -0.296487 -5.674525 0.002550 0.999072 -0.043001 -0.898432 0.296866 0.040306 0.954068 31.081847 
0.953786 -0.014774 -0.300124 -5.987773 -0.000424 0.998723 -0.050511 -0.949543 0.300487 0.048304 0.952562 32.030142 
0.952487 -0.015298 -0.304195 -6.307098 -0.002901 0.998237 -0.059284 -1.000220 0.304565 0.057350 0.950763 32.976431 
0.951202 -0.015357 -0.308188 -6.658229 -0.005933 0.997666 -0.068027 -1.065789 0.308513 0.066536 0.948890 33.910459 
0.949995 -0.013957 -0.311954 -6.981641 -0.010074 0.997111 -0.075289 -1.132040 0.312104 0.074666 0.947109 34.854395 
0.948139 -0.014331 -0.317532 -7.321775 -0.012656 0.996489 -0.082764 -1.204561 0.317603 0.082490 0.944629 35.791971 
0.946314 -0.014090 -0.322941 -7.650501 -0.015476 0.995929 -0.088801 -1.281448 0.322878 0.089031 0.942244 36.733262 
0.944825 -0.011488 -0.327374 -8.006304 -0.020518 0.995347 -0.094145 -1.369223 0.326933 0.095668 0.940193 37.663692 
0.943185 -0.006560 -0.332203 -8.339925 -0.027281 0.994901 -0.097102 -1.464904 0.331146 0.100648 0.938196 38.601531 
0.941777 -0.004417 -0.336209 -8.725062 -0.030443 0.994687 -0.098344 -1.568756 0.334857 0.102854 0.936639 39.518528 
0.939331 -0.005273 -0.342971 -9.061517 -0.029904 0.994816 -0.097197 -1.675129 0.341706 0.101556 0.934304 40.454201 
0.936470 -0.009335 -0.350625 -9.408347 -0.025992 0.995050 -0.095912 -1.774020 0.349785 0.098933 0.931592 41.386901 
0.933808 -0.010112 -0.357633 -9.768406 -0.025264 0.995241 -0.094107 -1.873866 0.356883 0.096913 0.929109 42.314472 
0.929417 -0.013127 -0.368797 -10.076486 -0.022374 0.995524 -0.091821 -1.966674 0.368352 0.093592 0.924963 43.261295 
0.926179 -0.011038 -0.376922 -10.472150 -0.023132 0.996026 -0.086007 -2.061974 0.376374 0.088376 0.922243 44.174732 
0.922239 -0.009054 -0.386515 -10.852147 -0.024295 0.996393 -0.081308 -2.144412 0.385857 0.084375 0.918692 45.096039 
0.918669 -0.004996 -0.394996 -11.262597 -0.027782 0.996627 -0.077221 -2.234519 0.394049 0.081914 0.915432 46.003459 
0.914170 -0.006451 -0.405279 -11.652046 -0.026393 0.996804 -0.075401 -2.313007 0.404471 0.079626 0.911078 46.921157 
0.910136 -0.006496 -0.414260 -12.078016 -0.026973 0.996827 -0.074890 -2.392389 0.413432 0.079333 0.907072 47.822405 
0.906270 -0.005817 -0.422660 -12.502478 -0.027943 0.996894 -0.073634 -2.476955 0.421775 0.078543 0.903292 48.723893 
0.902346 -0.005372 -0.430979 -12.953727 -0.028397 0.997009 -0.071883 -2.552965 0.430076 0.077102 0.899494 49.613048 
0.899038 -0.004700 -0.437846 -13.423852 -0.028673 0.997164 -0.069578 -2.629366 0.436932 0.075108 0.896353 50.492335 
0.894504 -0.006100 -0.447019 -13.855126 -0.026191 0.997474 -0.066021 -2.699646 0.446292 0.070764 0.892085 51.391814 
0.891168 -0.002826 -0.453665 -14.326313 -0.027533 0.997801 -0.060300 -2.768143 0.452838 0.066228 0.889130 52.271184 
0.886613 -0.004853 -0.462486 -14.792652 -0.023749 0.998148 -0.056002 -2.845512 0.461901 0.060635 0.884856 53.152401 
0.883244 -0.004294 -0.468894 -15.286028 -0.023648 0.998278 -0.053688 -2.917543 0.468317 0.058508 0.881621 54.019229 
0.880250 -0.004806 -0.474486 -15.768878 -0.023160 0.998322 -0.053079 -2.949319 0.473944 0.057712 0.878662 54.894355 
0.877217 -0.002411 -0.480088 -16.208658 -0.025588 0.998331 -0.051766 -2.995394 0.479411 0.057694 0.875692 55.791278 
0.874165 -0.003515 -0.485617 -16.708245 -0.024043 0.998434 -0.050507 -3.054713 0.485034 0.055827 0.872711 56.655508 
0.871181 -0.005258 -0.490933 -17.179127 -0.022586 0.998455 -0.050773 -3.114339 0.490442 0.055321 0.869716 57.535687 
0.868968 -0.007320 -0.494815 -17.696503 -0.020895 0.998456 -0.051466 -3.162227 0.494427 0.055061 0.867473 58.390104 
0.867066 -0.006124 -0.498155 -18.139606 -0.022876 0.998380 -0.052091 -3.213190 0.497667 0.056562 0.865522 59.285126 
0.866393 -0.006600 -0.499319 -18.638851 -0.021901 0.998448 -0.051199 -3.269192 0.498882 0.055294 0.864904 60.149774 
0.865917 -0.007087 -0.500138 -19.138744 -0.020250 0.998583 -0.049209 -3.334730 0.499778 0.052738 0.864546 61.013379 
0.864712 -0.012174 -0.502120 -19.645234 -0.014210 0.998713 -0.048685 -3.384039 0.502066 0.049234 0.863427 61.874213 
0.864069 -0.014369 -0.503168 -20.166159 -0.011950 0.998725 -0.049043 -3.444525 0.503232 0.048390 0.862796 62.725670 
0.862932 -0.015282 -0.505090 -20.661537 -0.011381 0.998701 -0.049661 -3.494416 0.505193 0.048603 0.861637 63.592914 
0.861600 -0.014253 -0.507388 -21.179585 -0.011365 0.998813 -0.047356 -3.554317 0.507461 0.046568 0.860415 64.446165 
0.858988 -0.015411 -0.511764 -21.678692 -0.008331 0.998994 -0.044067 -3.600288 0.511929 0.042116 0.857995 65.311485 
0.856328 -0.016506 -0.516168 -22.232406 -0.004982 0.999179 -0.040218 -3.651281 0.516408 0.037011 0.855543 66.142629 
0.851263 -0.017888 -0.524434 -22.713030 -0.003092 0.999231 -0.039100 -3.695551 0.524729 0.034906 0.850553 67.018438 
0.845986 -0.020790 -0.532800 -23.247474 -0.001401 0.999149 -0.041212 -3.754843 0.533203 0.035611 0.845237 67.861560 
0.840031 -0.025792 -0.541926 -23.834436 0.001882 0.999002 -0.044629 -3.804015 0.542536 0.036470 0.839241 68.669679 
0.833913 -0.027067 -0.551231 -24.414986 0.003112 0.999011 -0.044346 -3.856120 0.551887 0.035265 0.833173 69.482235 
0.827355 -0.023959 -0.561169 -24.951101 0.002595 0.999242 -0.038838 -3.921531 0.561674 0.030677 0.826790 70.323842 
0.822550 -0.020261 -0.568332 -25.564518 0.000692 0.999400 -0.034628 -3.965421 0.568693 0.028090 0.822070 71.112380 
0.819155 -0.018771 -0.573266 -26.167709 -0.002357 0.999346 -0.036090 -4.016712 0.573568 0.030915 0.818574 71.908327 
0.815695 -0.022818 -0.578032 -26.785208 -0.000575 0.999189 -0.040255 -4.067319 0.578482 0.033168 0.815021 72.693268 
0.811640 -0.028613 -0.583457 -27.367137 0.001173 0.998877 -0.047354 -4.124016 0.584157 0.037750 0.810762 73.504529 
0.808187 -0.030486 -0.588136 -27.969901 0.002141 0.998805 -0.048831 -4.180666 0.588922 0.038205 0.807286 74.300436 
0.805188 -0.028753 -0.592323 -28.593352 0.002732 0.998993 -0.044779 -4.238047 0.593014 0.034437 0.804456 75.080189 
0.802033 -0.025898 -0.596718 -29.199886 0.002772 0.999210 -0.039640 -4.297136 0.597273 0.030139 0.801472 75.873048 
0.797760 -0.026143 -0.602409 -29.781450 0.004510 0.999290 -0.037394 -4.337426 0.602959 0.027115 0.797311 76.685550 
0.794886 -0.026007 -0.606201 -30.410608 0.003635 0.999267 -0.038104 -4.385488 0.606747 0.028085 0.794398 77.461340 
0.791814 -0.027358 -0.610149 -31.052539 0.003406 0.999179 -0.040381 -4.431658 0.610753 0.029896 0.791257 78.226711 
0.787880 -0.030105 -0.615093 -31.681578 0.004699 0.999069 -0.042880 -4.486635 0.615811 0.030894 0.787288 79.002139 
0.784064 -0.029178 -0.619994 -32.291713 0.002788 0.999050 -0.043492 -4.549491 0.620674 0.032372 0.783400 79.791939 
0.780267 -0.029069 -0.624771 -32.964055 0.003264 0.999095 -0.042409 -4.605378 0.625438 0.031051 0.779656 80.530066 
0.775498 -0.028401 -0.630710 -33.606623 0.002535 0.999120 -0.041874 -4.657401 0.631344 0.030874 0.774888 81.294527 
0.769880 -0.030238 -0.637472 -34.243778 0.003569 0.999065 -0.043080 -4.718801 0.638178 0.030891 0.769269 82.062813 
0.763898 -0.032619 -0.644512 -34.892559 0.005973 0.999036 -0.043482 -4.776618 0.645309 0.029366 0.763357 82.821589 
0.758317 -0.033894 -0.651004 -35.547498 0.006122 0.998974 -0.044880 -4.828192 0.651857 0.030048 0.757747 83.575509 
0.753677 -0.034360 -0.656346 -36.234407 0.005496 0.998927 -0.045983 -4.885032 0.657222 0.031050 0.753057 84.300027 
0.747354 -0.036647 -0.663414 -36.898588 0.006725 0.998844 -0.047601 -4.938754 0.664392 0.031113 0.746737 85.045665 
0.740799 -0.037333 -0.670689 -37.551389 0.006927 0.998826 -0.047947 -4.999562 0.671691 0.030873 0.740188 85.800750 
0.733924 -0.037561 -0.678192 -38.223535 0.008269 0.998890 -0.046374 -5.062040 0.679181 0.028427 0.733420 86.538528 
0.727438 -0.039481 -0.685037 -38.938419 0.011415 0.998901 -0.045449 -5.118112 0.686079 0.025241 0.727089 87.235519 
0.722479 -0.038863 -0.690299 -39.663089 0.009469 0.998882 -0.046325 -5.179095 0.691328 0.026932 0.722039 87.921912 
0.715877 -0.041516 -0.696991 -40.370880 0.010607 0.998762 -0.048596 -5.226444 0.698146 0.027396 0.715431 88.626745 
0.709704 -0.039828 -0.703373 -41.039255 0.007387 0.998766 -0.049101 -5.285985 0.704461 0.029652 0.709123 89.368182 
0.704463 -0.038702 -0.708684 -41.745420 0.006877 0.998838 -0.047711 -5.358424 0.709707 0.028737 0.703911 90.072514 
0.701583 -0.036533 -0.711651 -42.490904 0.003830 0.998864 -0.047501 -5.425666 0.712578 0.030601 0.700925 90.735638 
0.696878 -0.036276 -0.716271 -43.194746 0.001723 0.998802 -0.048909 -5.487059 0.717187 0.032849 0.696106 91.443336 
0.693122 -0.035602 -0.719940 -43.938505 -0.002672 0.998646 -0.051958 -5.547765 0.720815 0.037937 0.692088 92.109022 
0.687888 -0.038329 -0.724804 -44.658676 -0.002123 0.998494 -0.054816 -5.603779 0.725814 0.039246 0.686771 92.800553 
0.683818 -0.037714 -0.728677 -45.410011 -0.003539 0.998480 -0.055000 -5.673409 0.729644 0.040188 0.682646 93.456791 
0.679354 -0.035839 -0.732935 -46.148007 -0.004222 0.998599 -0.052742 -5.753939 0.733799 0.038924 0.678251 94.126773 
0.674402 -0.036442 -0.737465 -46.904327 -0.002576 0.998659 -0.051704 -5.824004 0.738360 0.036769 0.673404 94.777213 
0.669225 -0.039490 -0.742010 -47.664178 0.001294 0.998647 -0.051982 -5.888788 0.743059 0.033828 0.668370 95.424074 
0.664510 -0.040139 -0.746201 -48.413699 0.001860 0.998642 -0.052062 -5.954211 0.747277 0.033208 0.663682 96.082814 
0.657969 -0.042851 -0.751825 -49.131033 0.005252 0.998616 -0.052322 -6.010753 0.753027 0.030478 0.657283 96.777245 
0.653648 -0.044104 -0.755512 -49.885013 0.006735 0.998600 -0.052467 -6.069061 0.756769 0.029207 0.653030 97.431550 
0.649880 -0.046651 -0.758604 -50.646850 0.009129 0.998522 -0.053585 -6.132007 0.759982 0.027898 0.649345 98.076252 
0.645143 -0.050181 -0.762412 -51.380882 0.010535 0.998330 -0.056795 -6.202008 0.763989 0.028609 0.644595 98.751751 
0.640598 -0.051876 -0.766122 -52.131089 0.011077 0.998236 -0.058331 -6.278517 0.767797 0.028880 0.640042 99.408512 
0.631914 -0.057146 -0.772929 -52.867733 0.018520 0.998107 -0.058653 -6.345377 0.774817 0.022749 0.631776 100.081479 
0.623510 -0.060725 -0.779454 -53.645947 0.023607 0.997987 -0.058865 -6.417794 0.781459 0.018302 0.623688 100.705289 
0.614748 -0.060541 -0.786396 -54.418887 0.023941 0.998023 -0.058117 -6.481849 0.788360 0.016900 0.614982 101.336527 
0.606489 -0.056930 -0.793051 -55.205027 0.021889 0.998251 -0.054920 -6.562243 0.794791 0.015949 0.606674 101.949324 
0.597670 -0.056743 -0.799732 -56.014403 0.021610 0.998270 -0.054680 -6.633681 0.801451 0.015399 0.597863 102.532254 
0.588453 -0.057948 -0.806452 -56.843217 0.021085 0.998189 -0.056339 -6.695648 0.808256 0.016149 0.588610 103.088336 
0.577368 -0.060132 -0.814267 -57.631076 0.021951 0.998067 -0.058141 -6.773582 0.816189 0.015695 0.577572 103.699241 
0.567274 -0.062872 -0.821126 -58.463150 0.025289 0.997941 -0.058940 -6.845285 0.823141 0.012670 0.567696 104.249252 
0.556677 -0.064533 -0.828218 -59.287293 0.029496 0.997885 -0.057927 -6.910379 0.830205 0.007817 0.557404 104.811880 
0.545856 -0.064449 -0.835397 -60.098976 0.028818 0.997892 -0.058155 -6.958115 0.837383 0.007670 0.546562 105.394024 
0.535071 -0.065243 -0.842284 -60.934565 0.029236 0.997846 -0.058720 -7.027101 0.844301 0.006794 0.535826 105.939031 
0.524875 -0.066634 -0.848567 -61.794418 0.028957 0.997752 -0.060437 -7.082973 0.850687 0.007150 0.525624 106.446506 
0.514960 -0.067699 -0.854537 -62.655534 0.028947 0.997681 -0.061596 -7.156259 0.856725 0.006983 0.515726 106.949605 
0.503835 -0.070569 -0.860913 -63.507470 0.030670 0.997490 -0.063816 -7.229939 0.863255 0.005749 0.504735 107.468040 
0.493844 -0.070169 -0.866715 -64.361433 0.028863 0.997512 -0.064312 -7.313994 0.869071 0.006744 0.494641 107.981542 
0.483932 -0.069649 -0.872330 -65.228263 0.030540 0.997565 -0.062705 -7.387173 0.874573 0.003704 0.484880 108.474746 
0.476705 -0.066985 -0.876507 -66.108084 0.028905 0.997748 -0.060531 -7.470253 0.878588 0.003520 0.477568 108.942732 
0.470077 -0.066787 -0.880095 -67.003066 0.028424 0.997761 -0.060535 -7.552062 0.882168 0.003440 0.470923 109.381270 
0.463300 -0.068221 -0.883572 -67.891270 0.027754 0.997660 -0.062477 -7.629985 0.885767 0.004423 0.464109 109.834062 
0.456060 -0.071008 -0.887112 -68.769165 0.028963 0.997468 -0.064952 -7.709998 0.889478 0.003929 0.456961 110.306184 
0.450269 -0.073437 -0.889868 -69.668700 0.029963 0.997293 -0.067141 -7.792241 0.892390 0.003569 0.451251 110.735221 
0.445705 -0.074390 -0.892083 -70.548061 0.027588 0.997209 -0.069373 -7.890387 0.894754 0.006310 0.446514 111.201152 
0.441352 -0.074943 -0.894199 -71.441894 0.029792 0.997181 -0.068870 -7.969250 0.896839 0.003756 0.442340 111.642564 
0.437197 -0.072641 -0.896427 -72.345149 0.032348 0.997358 -0.065043 -8.052138 0.898784 -0.000561 0.438392 112.063585 
0.432350 -0.070428 -0.898951 -73.231103 0.036257 0.997497 -0.060711 -8.152413 0.900977 -0.006345 0.433821 112.516388 
0.427070 -0.071738 -0.901369 -74.112329 0.039617 0.997375 -0.060609 -8.210284 0.903350 -0.009825 0.428791 112.985527 
0.421169 -0.073789 -0.903975 -74.992307 0.044933 0.997159 -0.060461 -8.274429 0.905868 -0.015154 0.423288 113.456190 
0.418812 -0.072912 -0.905141 -75.898247 0.046533 0.997185 -0.058795 -8.348365 0.906880 -0.017495 0.421026 113.873092 
0.416310 -0.071368 -0.906417 -76.797989 0.046539 0.997280 -0.057147 -8.420120 0.908031 -0.018393 0.418500 114.303574 
0.414309 -0.073628 -0.907153 -77.713703 0.050165 0.997055 -0.058014 -8.467598 0.908753 -0.021472 0.416782 114.702591 
0.412940 -0.073901 -0.907755 -78.633091 0.052702 0.996971 -0.057190 -8.537651 0.909232 -0.024225 0.415584 115.089654 
0.408772 -0.074893 -0.909559 -79.536056 0.059060 0.996709 -0.055526 -8.597041 0.910724 -0.031021 0.411850 115.515244 
0.405466 -0.075310 -0.911003 -80.434285 0.061853 0.996577 -0.054855 -8.660204 0.912015 -0.034107 0.408736 115.950209 
0.402446 -0.077934 -0.912120 -81.343614 0.067743 0.996173 -0.055226 -8.733291 0.912934 -0.039564 0.406186 116.359818 
0.402420 -0.081483 -0.911822 -82.280021 0.072324 0.995747 -0.057064 -8.784394 0.912594 -0.042983 0.406602 116.706993 
0.401220 -0.082490 -0.912260 -83.182287 0.072811 0.995657 -0.058008 -8.871405 0.913083 -0.043148 0.405484 117.129303 
0.402261 -0.082175 -0.911829 -84.105253 0.073451 0.995650 -0.057326 -8.976454 0.912574 -0.043915 0.406547 117.499570 
0.405318 -0.081878 -0.910502 -85.021525 0.070550 0.995812 -0.058144 -9.048494 0.911450 -0.040669 0.409397 117.893597 
0.413963 -0.084215 -0.906390 -85.972919 0.072677 0.995590 -0.059310 -9.108621 0.907388 -0.041321 0.418258 118.195645 
0.419557 -0.084155 -0.903820 -86.882293 0.070738 0.995696 -0.059873 -9.193383 0.904969 -0.038815 0.423704 118.602897 
0.426192 -0.084060 -0.900719 -87.791319 0.071178 0.995703 -0.059246 -9.287269 0.901828 -0.038861 0.430344 119.008923 
0.433743 -0.083196 -0.897188 -88.699087 0.071842 0.995751 -0.057604 -9.370306 0.898168 -0.039470 0.437877 119.420094 
0.443476 -0.084800 -0.892266 -89.622848 0.076095 0.995482 -0.056789 -9.424715 0.893050 -0.042713 0.447925 119.799179 
0.453218 -0.084400 -0.887395 -90.520709 0.076281 0.995528 -0.055726 -9.497078 0.888130 -0.042435 0.457630 120.233472 
0.463863 -0.083807 -0.881934 -91.426660 0.079417 0.995441 -0.052823 -9.604754 0.882340 -0.045538 0.468404 120.642933 
0.472050 -0.084450 -0.877517 -92.283419 0.078104 0.995493 -0.053788 -9.667755 0.878105 -0.043147 0.476519 121.154788 
0.480135 -0.086219 -0.872947 -93.125538 0.074248 0.995581 -0.057494 -9.702686 0.874047 -0.037210 0.484415 121.692947 
0.490232 -0.086576 -0.867282 -93.977183 0.071576 0.995692 -0.058936 -9.772008 0.868648 -0.033184 0.494317 122.212460 
0.503751 -0.084967 -0.859660 -94.855930 0.070629 0.995870 -0.057042 -9.842903 0.860957 -0.031982 0.507671 122.684454 
0.518957 -0.081395 -0.850916 -95.727396 0.067467 0.996251 -0.054151 -9.919941 0.852134 -0.029306 0.522503 123.168823 
0.531037 -0.076433 -0.843895 -96.556072 0.063639 0.996708 -0.050227 -10.001727 0.844956 -0.027032 0.534153 123.722543 
0.543344 -0.077207 -0.835952 -97.403223 0.066417 0.996594 -0.048874 -10.072528 0.836879 -0.028966 0.546621 124.249157 
0.554822 -0.075701 -0.828518 -98.221915 0.063325 0.996805 -0.048672 -10.145887 0.829555 -0.025462 0.557844 124.818684 
0.565919 -0.078854 -0.820682 -99.058054 0.066380 0.996542 -0.049977 -10.200614 0.821785 -0.026194 0.569196 125.364466 
0.578092 -0.082990 -0.811740 -99.901746 0.074228 0.996038 -0.048969 -10.277416 0.812588 -0.031945 0.581962 125.895772 
0.589673 -0.087443 -0.802894 -100.748051 0.083444 0.995398 -0.047124 -10.351523 0.803320 -0.039209 0.594256 126.423289 
0.600093 -0.079327 -0.795988 -101.519501 0.072719 0.996360 -0.044473 -10.401729 0.796618 -0.031195 0.603677 127.057595 
0.610138 -0.077939 -0.788452 -102.322320 0.074787 0.996372 -0.040619 -10.459129 0.788757 -0.034183 0.613754 127.651049 
0.620262 -0.076821 -0.780624 -103.113577 0.074653 0.996457 -0.038744 -10.517170 0.780834 -0.034245 0.623799 128.259772 
0.630353 -0.073946 -0.772779 -103.878583 0.069541 0.996830 -0.038660 -10.574503 0.773188 -0.029370 0.633497 128.901239 
0.639396 -0.076602 -0.765052 -104.645795 0.072620 0.996593 -0.039093 -10.635243 0.765441 -0.030562 0.642780 129.539750 
0.649592 -0.077800 -0.756292 -105.425859 0.075294 0.996443 -0.037833 -10.690522 0.756546 -0.032368 0.653139 130.163002 
0.659548 -0.075692 -0.747842 -106.193647 0.074871 0.996585 -0.034837 -10.752507 0.747924 -0.033015 0.662962 130.800701 
0.668289 -0.074200 -0.740192 -106.936120 0.075262 0.996652 -0.031957 -10.804985 0.740085 -0.034352 0.671635 131.468518 
0.675861 -0.074141 -0.733291 -107.659160 0.076228 0.996624 -0.030509 -10.856788 0.733077 -0.035278 0.679230 132.157379 
0.683611 -0.073035 -0.726183 -108.386047 0.074534 0.996765 -0.030083 -10.901458 0.726031 -0.033560 0.686842 132.842682 
0.691184 -0.064988 -0.719751 -109.121338 0.063366 0.997562 -0.029222 -10.957016 0.719895 -0.025410 0.693618 133.518153 
0.698178 -0.062681 -0.713175 -109.833212 0.063103 0.997671 -0.025909 -11.005981 0.713138 -0.026914 0.700507 134.218751 
0.702945 -0.067380 -0.708045 -110.493539 0.071122 0.997172 -0.024284 -11.023772 0.707679 -0.033287 0.705750 134.969519 
0.710236 -0.064579 -0.700995 -111.206254 0.068288 0.997407 -0.022698 -11.071916 0.700643 -0.031748 0.712805 135.669318 
0.717729 -0.066744 -0.693116 -111.911129 0.071772 0.997185 -0.021704 -11.110398 0.692614 -0.034169 0.720499 136.377605 
0.725468 -0.064727 -0.685206 -112.591653 0.070056 0.997342 -0.020040 -11.142247 0.684682 -0.033464 0.728074 137.109638 
0.736386 -0.059249 -0.673963 -113.296676 0.065225 0.997735 -0.016446 -11.183454 0.673411 -0.031848 0.738582 137.817625 
0.746092 -0.051112 -0.663878 -113.967053 0.057393 0.998275 -0.012357 -11.221448 0.663365 -0.028882 0.747739 138.558672 
0.756134 -0.048733 -0.652600 -114.624206 0.054999 0.998428 -0.010833 -11.249178 0.652101 -0.027701 0.757625 139.311919 
0.765607 -0.048284 -0.641494 -115.251327 0.053787 0.998492 -0.010961 -11.283716 0.641056 -0.026112 0.767050 140.090074 
0.775399 -0.050583 -0.629443 -115.889358 0.055258 0.998398 -0.012163 -11.310150 0.629050 -0.025350 0.776952 140.859631 
0.785406 -0.049126 -0.617028 -116.506457 0.053941 0.998485 -0.010836 -11.334485 0.616626 -0.024772 0.786867 141.646140 
0.795507 -0.048927 -0.603966 -117.120034 0.054919 0.998454 -0.008548 -11.355871 0.603450 -0.026370 0.796964 142.435486 
0.805803 -0.047428 -0.590281 -117.731797 0.055397 0.998454 -0.004601 -11.379095 0.589586 -0.028992 0.807185 143.226185 
0.815083 -0.048428 -0.577317 -118.311646 0.058253 0.998301 -0.001497 -11.398960 0.576409 -0.032410 0.816519 144.040668 
0.823869 -0.046115 -0.564901 -118.853439 0.057589 0.998337 0.002490 -11.419637 0.563847 -0.034584 0.825155 144.880925 
0.832374 -0.046826 -0.552233 -119.423539 0.059859 0.998191 0.005584 -11.443773 0.550973 -0.037704 0.833671 145.702146 
0.839414 -0.047605 -0.541403 -119.957613 0.061670 0.998066 0.007857 -11.452321 0.539982 -0.039983 0.840727 146.547540 
0.846556 -0.046418 -0.530272 -120.510390 0.060413 0.998132 0.009073 -11.459865 0.528861 -0.039716 0.847779 147.380836 
0.853271 -0.046317 -0.519407 -121.015597 0.059970 0.998155 0.009509 -11.446539 0.518009 -0.039262 0.854474 148.243730 
0.860944 -0.039804 -0.507141 -121.555122 0.052774 0.998543 0.011219 -11.463844 0.505955 -0.036423 0.861790 149.085522 
0.867695 -0.037182 -0.495704 -122.073621 0.049879 0.998678 0.012400 -11.474029 0.494587 -0.035484 0.868403 149.940540 
0.873275 -0.037907 -0.485750 -122.523065 0.050567 0.998636 0.012976 -11.472538 0.484596 -0.035895 0.874001 150.833847 
0.878474 -0.039124 -0.476185 -123.012591 0.051287 0.998605 0.012568 -11.478329 0.475029 -0.035463 0.879255 151.705817 
0.882680 -0.040116 -0.468259 -123.479731 0.051896 0.998577 0.012278 -11.473935 0.467100 -0.035138 0.883506 152.589989 
0.886383 -0.039040 -0.461304 -123.948764 0.050931 0.998613 0.013351 -11.471279 0.460143 -0.035329 0.887142 153.473166 
0.889520 -0.037350 -0.455368 -124.394487 0.050688 0.998568 0.017111 -11.470238 0.454076 -0.038302 0.890139 154.368336 
0.892952 -0.032363 -0.448986 -124.849627 0.046968 0.998667 0.021428 -11.452647 0.447694 -0.040223 0.893282 155.258582 
0.895850 -0.030195 -0.443330 -125.280627 0.045546 0.998673 0.024018 -11.437004 0.442016 -0.041708 0.896037 156.160799 
0.898676 -0.029964 -0.437589 -125.697731 0.046018 0.998599 0.026127 -11.411550 0.436193 -0.043617 0.898796 157.069301 
0.901637 -0.030637 -0.431407 -126.107970 0.047638 0.998454 0.028656 -11.386751 0.429862 -0.046389 0.901702 157.980942 
0.904565 -0.030464 -0.425245 -126.516398 0.048677 0.998301 0.032026 -11.370065 0.423547 -0.049669 0.904512 158.893580 
0.908202 -0.030977 -0.417383 -126.949493 0.049838 0.998166 0.034363 -11.353414 0.415553 -0.052010 0.908081 159.794774 
0.911831 -0.030050 -0.409464 -127.354108 0.048824 0.998177 0.035472 -11.323854 0.407651 -0.052336 0.911637 160.708784 
0.915481 -0.032060 -0.401081 -127.755490 0.050696 0.998067 0.035936 -11.298294 0.399154 -0.053232 0.915337 161.624337 
0.919413 -0.033491 -0.391865 -128.152360 0.051712 0.998012 0.036032 -11.271699 0.389879 -0.053393 0.919317 162.541827 
0.923633 -0.032905 -0.381862 -128.534157 0.050135 0.998120 0.035256 -11.254621 0.379984 -0.051709 0.923547 163.465916 
0.928399 -0.031243 -0.370268 -128.899004 0.047018 0.998327 0.033654 -11.217898 0.368597 -0.048654 0.928315 164.396258 
0.933347 -0.028829 -0.357815 -129.248600 0.043647 0.998488 0.033402 -11.195853 0.356311 -0.046793 0.933195 165.332900 
0.939385 -0.025203 -0.341936 -129.597472 0.039621 0.998593 0.035247 -11.162564 0.340566 -0.046659 0.939062 166.269478 
0.946293 -0.019911 -0.322696 -129.952172 0.034379 0.998640 0.039195 -11.150407 0.321477 -0.048184 0.945691 167.204380 
0.952726 -0.017757 -0.303311 -130.254395 0.031849 0.998628 0.041576 -11.121488 0.302157 -0.049271 0.951984 168.157178 
0.959597 -0.011477 -0.281144 -130.573003 0.024552 0.998772 0.043032 -11.096216 0.280305 -0.048196 0.958700 169.104728 
0.965293 -0.015143 -0.260731 -130.818070 0.027755 0.998612 0.044758 -11.051314 0.259692 -0.050441 0.964373 170.073193 
0.970921 -0.013827 -0.239002 -131.068270 0.026204 0.998470 0.048686 -11.027638 0.237964 -0.053533 0.969798 171.041098 
0.975999 -0.013245 -0.217370 -131.285025 0.025266 0.998295 0.052614 -10.974750 0.216303 -0.056843 0.974670 172.015890 
0.980856 -0.007291 -0.194598 -131.501426 0.018890 0.998149 0.057815 -10.942086 0.193816 -0.060384 0.979178 172.991648 
0.984838 -0.009799 -0.173199 -131.664009 0.020722 0.997900 0.061370 -10.889439 0.172234 -0.064028 0.982973 173.976938 
0.988421 -0.006742 -0.151583 -131.825616 0.016340 0.997932 0.062162 -10.846433 0.150851 -0.063919 0.986488 174.962855 
0.991500 -0.008018 -0.129857 -131.949548 0.016013 0.998031 0.060644 -10.797546 0.129115 -0.062208 0.989676 175.953941 
0.994084 -0.004617 -0.108514 -132.077096 0.011230 0.998110 0.060411 -10.749284 0.108030 -0.061272 0.992258 176.944599 
0.995989 -0.009351 -0.088986 -132.150521 0.014900 0.997971 0.061898 -10.680664 0.088227 -0.062975 0.994108 177.939536 
0.997663 -0.004922 -0.068154 -132.251745 0.009319 0.997884 0.064346 -10.642960 0.067693 -0.064830 0.995598 178.933685 
0.998837 -0.004235 -0.048031 -132.283669 0.007385 0.997819 0.065602 -10.581312 0.047648 -0.065881 0.996689 179.931272 
0.999662 0.004888 -0.025548 -132.351149 -0.003186 0.997800 0.066221 -10.524786 0.025816 -0.066117 0.997478 180.927390 
0.999981 0.001683 -0.005944 -132.339300 -0.001282 0.997763 0.066834 -10.465492 0.006043 -0.066825 0.997746 181.925560 
0.999907 0.001407 0.013557 -132.309939 -0.002303 0.997796 0.066310 -10.407262 -0.013434 -0.066335 0.997707 182.923432 
0.999419 0.002963 0.033953 -132.298662 -0.005195 0.997817 0.065832 -10.363142 -0.033683 -0.065971 0.997253 183.922394 
0.998638 -0.001186 0.052165 -132.227897 -0.002133 0.997978 0.063519 -10.303328 -0.052135 -0.063543 0.996616 184.918092 
0.997409 0.003031 0.071870 -132.167203 -0.007442 0.998098 0.061188 -10.249782 -0.071548 -0.061565 0.995535 185.914812 
0.995834 0.003961 0.091095 -132.084391 -0.009425 0.998176 0.059624 -10.199711 -0.090693 -0.060234 0.994056 186.910118 
0.994021 0.001544 0.109178 -131.965559 -0.007818 0.998340 0.057057 -10.152698 -0.108909 -0.057570 0.992383 187.901919 
0.991868 -0.001600 0.127259 -131.844683 -0.005064 0.998633 0.052029 -10.108283 -0.127168 -0.052250 0.990504 188.893592 
0.989122 0.004302 0.147033 -131.742340 -0.011089 0.998908 0.045375 -10.070880 -0.146677 -0.046512 0.988090 189.887638 
0.986637 -0.000351 0.162932 -131.580815 -0.006325 0.999162 0.040450 -10.033103 -0.162809 -0.040940 0.985808 190.873783 
0.983497 0.002680 0.180907 -131.420358 -0.009507 0.999274 0.036882 -10.009190 -0.180676 -0.037993 0.982809 191.860537 
0.980246 0.002578 0.197767 -131.228866 -0.009591 0.999358 0.034509 -9.989170 -0.197551 -0.035724 0.979641 192.841827 
0.976520 0.003356 0.215402 -131.028447 -0.011052 0.999342 0.034534 -9.954605 -0.215145 -0.036104 0.975915 193.820927 
0.973000 -0.003614 0.230775 -130.776305 -0.004338 0.999414 0.033941 -9.930168 -0.230762 -0.034026 0.972415 194.788308 
0.968685 -0.000966 0.248292 -130.563414 -0.006452 0.999557 0.029059 -9.917167 -0.248210 -0.029751 0.968249 195.765298 
0.963516 -0.002009 0.267642 -130.542001 -0.005174 0.999645 0.026130 -9.932284 -0.267599 -0.026562 0.963164 196.764954 
0.959122 -0.004092 0.282963 -130.253661 -0.003447 0.999652 0.026138 -9.917101 -0.282971 -0.026044 0.958775 197.722362 
0.953407 0.003216 0.301671 -129.998222 -0.011563 0.999598 0.025889 -9.906044 -0.301466 -0.028171 0.953061 198.689124 
0.947613 0.005428 0.319376 -129.717712 -0.013753 0.999622 0.023817 -9.907404 -0.319126 -0.026961 0.947329 199.648974 
0.941892 0.004728 0.335883 -129.362468 -0.011890 0.999744 0.019267 -9.878422 -0.335706 -0.022141 0.941706 200.583299 
0.935462 0.006993 0.353359 -129.021875 -0.014144 0.999744 0.017660 -9.875730 -0.353145 -0.021518 0.935321 201.523505 
0.928490 0.003984 0.371336 -128.717787 -0.009726 0.999860 0.013594 -9.896111 -0.371230 -0.016233 0.928399 202.475931 
0.920190 0.009172 0.391365 -128.372093 -0.013385 0.999878 0.008039 -9.905204 -0.391244 -0.012636 0.920200 203.414234 
0.911406 0.008572 0.411418 -127.931248 -0.011410 0.999925 0.004442 -9.896660 -0.411349 -0.008743 0.911436 204.311777 
0.899352 0.015743 0.436941 -127.541708 -0.019365 0.999805 0.003836 -9.910915 -0.436795 -0.011911 0.899482 205.232676 
0.886078 0.025422 0.462838 -127.100107 -0.029616 0.999560 0.001798 -9.916323 -0.462588 -0.015301 0.886441 206.129871 
0.872676 0.028497 0.487467 -126.636580 -0.032155 0.999483 -0.000864 -9.937488 -0.487239 -0.014920 0.873141 207.015702 
0.858540 0.033024 0.511682 -126.130868 -0.036338 0.999333 -0.003525 -9.952714 -0.511457 -0.015567 0.859168 207.878269 
0.843715 0.035576 0.535611 -125.620463 -0.038460 0.999243 -0.005787 -9.974545 -0.535411 -0.015717 0.844445 208.737926 
0.827787 0.041107 0.559535 -125.071821 -0.043473 0.999013 -0.009079 -9.980768 -0.559356 -0.016809 0.828757 209.573961 
0.810805 0.051058 0.583085 -124.517335 -0.052627 0.998512 -0.014255 -10.003323 -0.582945 -0.019128 0.812286 210.405848 
0.794149 0.055821 0.605154 -123.939114 -0.055082 0.998285 -0.019799 -10.037675 -0.605222 -0.017610 0.795862 211.221005 
0.779620 0.054486 0.623879 -123.296663 -0.050737 0.998429 -0.023795 -10.068514 -0.624195 -0.013103 0.781159 211.986711 
0.764211 0.054894 0.642626 -122.659941 -0.048411 0.998443 -0.027719 -10.103072 -0.643146 -0.009927 0.765679 212.757029 
0.750285 0.051407 0.659113 -121.988186 -0.042733 0.998658 -0.029246 -10.148505 -0.659732 -0.006224 0.751475 213.496408 
0.737700 0.048348 0.673395 -121.303964 -0.036610 0.998830 -0.031607 -10.187266 -0.674135 -0.001337 0.738607 214.224651 
0.722848 0.048141 0.689329 -120.631045 -0.033506 0.998839 -0.034621 -10.222670 -0.690195 0.001929 0.723621 214.963520 
0.708731 0.047540 0.703876 -119.937640 -0.029321 0.998850 -0.037939 -10.272145 -0.704870 0.006251 0.709309 215.682367 
0.693849 0.050397 0.718355 -119.230562 -0.028222 0.998685 -0.042805 -10.319164 -0.719568 0.009427 0.694358 216.387938 
0.678123 0.053473 0.733000 -118.522832 -0.029597 0.998527 -0.045463 -10.375803 -0.734352 0.009135 0.678707 217.092147 
0.662332 0.053827 0.747275 -117.810936 -0.027913 0.998496 -0.047183 -10.420068 -0.748690 0.010392 0.662838 217.793035 
0.641860 0.062792 0.764247 -117.084176 -0.039451 0.998026 -0.048866 -10.468975 -0.765807 0.001215 0.643070 218.478183 
0.623997 0.069904 0.778294 -116.325692 -0.052144 0.997496 -0.047786 -10.531447 -0.779685 -0.010765 0.626079 219.126874 
0.605430 0.072658 0.792575 -115.557403 -0.057345 0.997218 -0.047614 -10.588204 -0.793830 -0.016623 0.607913 219.764456 
0.587664 0.074826 0.805638 -114.762029 -0.061743 0.996958 -0.047559 -10.658655 -0.806746 -0.021794 0.590496 220.366467 
0.571772 0.075362 0.816944 -113.947724 -0.059469 0.996960 -0.050346 -10.731955 -0.818254 -0.019796 0.574516 220.942257 
0.553489 0.079756 0.829029 -113.132924 -0.063426 0.996550 -0.053527 -10.796581 -0.830438 -0.022955 0.556638 221.518385 
0.533898 0.080471 0.841711 -112.311015 -0.065838 0.996395 -0.053498 -10.875532 -0.842982 -0.026854 0.537272 222.082507 
0.513434 0.080186 0.854375 -111.458515 -0.069479 0.996240 -0.051748 -10.951800 -0.855312 -0.032792 0.517075 222.599640 
0.492567 0.078999 0.866682 -110.596703 -0.071763 0.996167 -0.050016 -11.025740 -0.867311 -0.037560 0.496348 223.101450 
0.470279 0.078672 0.879004 -109.737733 -0.075411 0.995958 -0.048793 -11.097891 -0.879290 -0.043340 0.474311 223.608367 
0.448374 0.078029 0.890434 -108.862286 -0.075893 0.995908 -0.049056 -11.166329 -0.890618 -0.045582 0.452462 224.086810 
0.426663 0.079030 0.900951 -107.967185 -0.078979 0.995625 -0.049933 -11.236051 -0.900955 -0.049852 0.431039 224.527188 
0.408014 0.075451 0.909853 -107.051162 -0.070905 0.996188 -0.050814 -11.315351 -0.910218 -0.043781 0.411808 224.920398 
0.384297 0.077773 0.919928 -106.159233 -0.073998 0.995834 -0.053278 -11.386079 -0.920239 -0.047598 0.388451 225.367007 
0.366179 0.075298 0.927493 -105.222727 -0.064101 0.996394 -0.055584 -11.456860 -0.928334 -0.039099 0.369685 225.710440 
0.345676 0.073193 0.935495 -104.294134 -0.061839 0.996563 -0.055120 -11.528648 -0.936314 -0.038796 0.349014 226.074532 
0.325381 0.073138 0.942750 -103.356119 -0.061483 0.996531 -0.056090 -11.605070 -0.943582 -0.039713 0.328749 226.412595 
0.305450 0.076684 0.949115 -102.424258 -0.058699 0.996373 -0.061611 -11.681652 -0.950397 -0.036893 0.308843 226.767236 
0.286582 0.085679 0.954217 -101.476716 -0.059991 0.995643 -0.071381 -11.770561 -0.956176 -0.036788 0.290474 227.074255 
0.266419 0.093771 0.959285 -100.527684 -0.063743 0.994792 -0.079538 -11.859407 -0.961747 -0.039958 0.271008 227.376651 
0.245713 0.097447 0.964432 -99.580882 -0.067019 0.994261 -0.083387 -11.967035 -0.967023 -0.044146 0.250834 227.679937 
0.226969 0.098376 0.968921 -98.606651 -0.068692 0.994024 -0.084834 -12.067645 -0.971476 -0.047302 0.232370 227.881808 
0.205495 0.098541 0.973685 -97.643659 -0.075270 0.993562 -0.084667 -12.175122 -0.975759 -0.055891 0.211589 228.128984 
0.184859 0.099784 0.977686 -96.674587 -0.081115 0.992987 -0.086008 -12.276258 -0.979412 -0.063406 0.191657 228.354086 
0.165313 0.098827 0.981277 -95.698738 -0.084748 0.992710 -0.085701 -12.381465 -0.982593 -0.068993 0.172483 228.545526 
0.146820 0.098965 0.984200 -94.717214 -0.084397 0.992608 -0.087220 -12.481150 -0.985556 -0.070258 0.154087 228.708844 
0.129342 0.098781 0.986668 -93.733140 -0.080361 0.992797 -0.088860 -12.592065 -0.988338 -0.067796 0.136349 228.847760 
0.111685 0.101604 0.988536 -92.747136 -0.080699 0.992401 -0.092884 -12.703258 -0.990462 -0.069400 0.119036 228.971983 
0.093568 0.103478 0.990221 -91.758789 -0.080263 0.992131 -0.096093 -12.809573 -0.992372 -0.070487 0.101137 229.080921 
0.076667 0.100602 0.991968 -90.769926 -0.080383 0.992282 -0.094421 -12.926171 -0.993811 -0.072498 0.084162 229.173419 
0.061399 0.096080 0.993478 -89.780370 -0.077765 0.992791 -0.091208 -13.041842 -0.995079 -0.071658 0.068428 229.259434 
0.047098 0.091758 0.994667 -88.790184 -0.077815 0.993083 -0.087928 -13.157768 -0.995855 -0.073259 0.053913 229.337494 
0.036478 0.088040 0.995449 -87.797108 -0.072922 0.993691 -0.085212 -13.273094 -0.996670 -0.069482 0.042668 229.359815 
0.024114 0.087219 0.995897 -86.810021 -0.073696 0.993632 -0.085236 -13.402669 -0.996989 -0.071338 0.030388 229.453997 
0.016110 0.089007 0.995901 -85.817057 -0.072694 0.993498 -0.087617 -13.517543 -0.997224 -0.070984 0.022475 229.482754 
0.012804 0.090351 0.995828 -84.824285 -0.068176 0.993671 -0.089279 -13.636144 -0.997591 -0.066749 0.018882 229.464366 
0.007043 0.094409 0.995509 -83.831507 -0.066642 0.993364 -0.093734 -13.751233 -0.997752 -0.065682 0.013288 229.498200 
0.002299 0.102581 0.994722 -82.839970 -0.063870 0.992709 -0.102225 -13.879122 -0.997956 -0.063298 0.008834 229.520540 
-0.001479 0.105435 0.994425 -81.845837 -0.065022 0.992312 -0.105308 -13.987229 -0.997883 -0.064815 0.005388 229.516927 
-0.002897 0.097559 0.995226 -80.851876 -0.060578 0.993385 -0.097555 -14.095374 -0.998159 -0.060572 0.003032 229.498314 
-0.005545 0.087441 0.996154 -79.859084 -0.059744 0.994361 -0.087616 -14.215080 -0.998198 -0.060000 -0.000290 229.504242 
-0.006551 0.083647 0.996474 -78.864272 -0.058023 0.994785 -0.083887 -14.315672 -0.998294 -0.058368 -0.001664 229.519398 
-0.008070 0.085027 0.996346 -77.870608 -0.060473 0.994513 -0.085360 -14.424550 -0.998137 -0.060941 -0.002884 229.547260 
-0.006664 0.088293 0.996072 -76.875467 -0.057154 0.994432 -0.088530 -14.522809 -0.998343 -0.057520 -0.001581 229.553539 
-0.004688 0.090552 0.995881 -75.881744 -0.058972 0.994133 -0.090671 -14.634597 -0.998249 -0.059154 0.000679 229.557981 
-0.002747 0.091261 0.995823 -74.887473 -0.061929 0.993900 -0.091255 -14.739419 -0.998077 -0.061921 0.002921 229.578861 
0.000371 0.092952 0.995670 -73.893135 -0.062803 0.993707 -0.092746 -14.844365 -0.998026 -0.062496 0.006206 229.595588 
0.003277 0.094096 0.995558 -72.899466 -0.066959 0.993349 -0.093667 -14.951009 -0.997750 -0.066355 0.009556 229.630931 
0.008717 0.095583 0.995383 -71.904591 -0.069021 0.993105 -0.094760 -15.052101 -0.997577 -0.067876 0.015254 229.632979 
0.014901 0.094964 0.995369 -70.910336 -0.071855 0.993008 -0.093663 -15.157118 -0.997304 -0.070126 0.021620 229.653667 
0.019634 0.093374 0.995437 -69.918954 -0.075384 0.992934 -0.091652 -15.274495 -0.996961 -0.073241 0.026535 229.711844 
0.027449 0.092770 0.995309 -68.924856 -0.071966 0.993284 -0.090596 -15.377289 -0.997029 -0.069141 0.033941 229.746502 
0.034994 0.093608 0.994994 -67.932012 -0.070527 0.993353 -0.090973 -15.488650 -0.996896 -0.066991 0.041363 229.789623 
0.043327 0.094015 0.994628 -66.936444 -0.071433 0.993306 -0.090778 -15.581287 -0.996504 -0.067116 0.049753 229.805850 
0.048949 0.092995 0.994463 -65.944318 -0.074191 0.993244 -0.089229 -15.680020 -0.996042 -0.069412 0.055518 229.882914 
0.055421 0.091371 0.994274 -64.952208 -0.075536 0.993334 -0.087074 -15.779716 -0.995602 -0.070278 0.061953 229.958920 
0.061678 0.089671 0.994060 -63.962277 -0.075282 0.993537 -0.084953 -15.884761 -0.995253 -0.069595 0.068030 230.053798 
0.069042 0.090243 0.993524 -62.970406 -0.074113 0.993612 -0.085100 -15.989058 -0.994857 -0.067757 0.075289 230.126704 
0.074908 0.092123 0.992926 -61.981512 -0.075507 0.993389 -0.086469 -16.098748 -0.994328 -0.068496 0.081369 230.226990 
0.081503 0.093280 0.992298 -60.991653 -0.074159 0.993418 -0.087294 -16.198070 -0.993910 -0.066474 0.087884 230.328547 
0.087819 0.095244 0.991573 -60.002342 -0.076454 0.993127 -0.088622 -16.298799 -0.993198 -0.068027 0.094497 230.433980 
0.094777 0.095737 0.990884 -59.013455 -0.076513 0.993121 -0.088634 -16.394358 -0.992554 -0.067415 0.101450 230.547872 
0.101714 0.095475 0.990222 -58.025225 -0.076779 0.993168 -0.087872 -16.490401 -0.991846 -0.067091 0.108350 230.666939 
0.107120 0.093166 0.989871 -57.039853 -0.078914 0.993256 -0.084945 -16.589262 -0.991109 -0.069016 0.113749 230.805753 
0.113357 0.091322 0.989349 -56.055374 -0.078147 0.993502 -0.082751 -16.692895 -0.990476 -0.067934 0.119757 230.947392 
0.119608 0.090493 0.988688 -55.069737 -0.078587 0.993576 -0.081434 -16.789409 -0.989706 -0.067958 0.125951 231.085971 
0.123417 0.093218 0.987967 -54.088720 -0.083112 0.993051 -0.083316 -16.871415 -0.988868 -0.071829 0.130306 231.261702 
0.129054 0.094317 0.987142 -53.104931 -0.084090 0.992922 -0.083876 -16.963537 -0.988066 -0.072184 0.136072 231.415558 
0.137973 0.095957 0.985777 -52.122885 -0.081803 0.992999 -0.085211 -17.056642 -0.987052 -0.068883 0.144857 231.579624 
0.145554 0.098654 0.984419 -51.147181 -0.084284 0.992635 -0.087015 -17.156447 -0.985754 -0.070306 0.152797 231.774662 
0.155893 0.100254 0.982673 -50.165957 -0.082685 0.992669 -0.088156 -17.242782 -0.984307 -0.067510 0.163040 231.947134 
0.162337 0.099331 0.981723 -49.188892 -0.086305 0.992537 -0.086154 -17.339840 -0.982954 -0.070742 0.169698 232.136669 
0.166474 0.097928 0.981171 -48.215315 -0.088921 0.992493 -0.083971 -17.432745 -0.982028 -0.073268 0.173933 232.345276 
0.167574 0.099089 0.980867 -47.247484 -0.094162 0.991996 -0.084126 -17.529707 -0.981352 -0.078263 0.175564 232.577442 
0.170247 0.100807 0.980232 -46.272266 -0.093572 0.991912 -0.085756 -17.624043 -0.980949 -0.077122 0.178303 232.777571 
0.172664 0.102485 0.979635 -45.295091 -0.093356 0.991798 -0.087303 -17.717021 -0.980547 -0.076381 0.180815 232.968579 
0.175830 0.102383 0.979082 -44.319361 -0.092479 0.991897 -0.087115 -17.810348 -0.980067 -0.075227 0.183874 233.166669 
0.179875 0.102710 0.978313 -43.339527 -0.089536 0.992115 -0.087697 -17.897646 -0.979606 -0.071820 0.187653 233.346405 
0.184768 0.102557 0.977416 -42.364649 -0.082608 0.992641 -0.088538 -17.991113 -0.979304 -0.064384 0.191880 233.548588 
0.188260 0.103252 0.976677 -41.391112 -0.082479 0.992607 -0.089037 -18.088285 -0.978650 -0.063793 0.195385 233.755429 
0.189534 0.102223 0.976538 -40.425724 -0.089028 0.992258 -0.086589 -18.195108 -0.977830 -0.070528 0.197168 233.993365 
0.190620 0.099970 0.976560 -39.460526 -0.093043 0.992162 -0.083406 -18.290027 -0.977245 -0.074964 0.198428 234.237053 
0.194394 0.099211 0.975894 -38.489718 -0.093706 0.992201 -0.082203 -18.388745 -0.976438 -0.075467 0.202174 234.455655 
0.200488 0.099388 0.974642 -37.513349 -0.092060 0.992350 -0.082257 -18.496854 -0.975361 -0.073234 0.208104 234.642780 
0.205422 0.101127 0.973435 -36.556086 -0.090777 0.992328 -0.083934 -18.601778 -0.974454 -0.071123 0.213026 234.912295 
0.211789 0.100002 0.972186 -35.588245 -0.089363 0.992566 -0.082631 -18.687669 -0.973221 -0.069377 0.219151 235.148740 
0.218192 0.099322 0.970838 -34.626697 -0.089607 0.992644 -0.081414 -18.782928 -0.971783 -0.069230 0.225487 235.406327 
0.227317 0.097436 0.968934 -33.656452 -0.087190 0.993022 -0.079403 -18.884947 -0.969910 -0.066432 0.234226 235.625911 
0.237587 0.099236 0.966284 -32.683801 -0.085431 0.993048 -0.080979 -18.958562 -0.967602 -0.063311 0.244413 235.846210 
0.247423 0.099857 0.963748 -31.725278 -0.084723 0.993095 -0.081146 -19.045077 -0.965196 -0.061574 0.254175 236.117774 
0.257725 0.099686 0.961062 -30.771173 -0.083821 0.993220 -0.080544 -19.135684 -0.962576 -0.059799 0.264333 236.403214 
0.268525 0.096740 0.958403 -29.817568 -0.084818 0.993454 -0.076514 -19.225572 -0.959531 -0.060744 0.274973 236.690541 
0.279615 0.095344 0.955366 -28.862855 -0.082894 0.993739 -0.074912 -19.326329 -0.956527 -0.058248 0.285768 236.970490 
0.291077 0.096971 0.951772 -27.907834 -0.085156 0.993527 -0.075182 -19.412572 -0.952902 -0.059166 0.297450 237.254211 
0.300896 0.099738 0.948427 -26.961844 -0.088467 0.993147 -0.076373 -19.500579 -0.949545 -0.060924 0.307658 237.566230 
0.311331 0.100706 0.944950 -26.019376 -0.091047 0.992956 -0.075825 -19.584243 -0.945930 -0.062428 0.318307 237.889889 
0.322035 0.099078 0.941529 -25.077670 -0.093048 0.993006 -0.072669 -19.691595 -0.942144 -0.064206 0.329002 238.208740 
0.331459 0.097348 0.938434 -24.142947 -0.093891 0.993129 -0.069859 -19.785736 -0.938786 -0.064955 0.338321 238.551420 
0.339003 0.096266 0.935847 -23.213319 -0.094500 0.993204 -0.067934 -19.868884 -0.936027 -0.065408 0.345796 238.910416 
0.346595 0.095434 0.933148 -22.288069 -0.094790 0.993282 -0.066377 -19.945886 -0.933213 -0.065447 0.353313 239.281876 
0.353195 0.094848 0.930729 -21.366300 -0.097622 0.993153 -0.064164 -20.019797 -0.930443 -0.068197 0.360036 239.662508 
0.360902 0.096548 0.927593 -20.433646 -0.102019 0.992745 -0.063636 -20.087037 -0.927007 -0.071665 0.368133 240.016957 
0.368061 0.098369 0.924584 -19.515845 -0.103555 0.992538 -0.064375 -20.165887 -0.924017 -0.072051 0.375501 240.406089 
0.376471 0.099562 0.921063 -18.598580 -0.102193 0.992604 -0.065526 -20.238860 -0.920775 -0.069458 0.383862 240.797624 
0.384188 0.099290 0.917900 -17.690744 -0.104006 0.992526 -0.063831 -20.311812 -0.917378 -0.070944 0.391643 241.210555 
0.392290 0.098325 0.914571 -16.775529 -0.104360 0.992608 -0.061951 -20.389859 -0.913902 -0.071142 0.399652 241.605892 
0.400899 0.096965 0.910976 -15.866924 -0.105367 0.992664 -0.059290 -20.458135 -0.910043 -0.072217 0.408175 242.017928 
0.407049 0.094479 0.908507 -14.983804 -0.106156 0.992789 -0.055682 -20.518129 -0.907216 -0.073778 0.414144 242.483225 
0.415730 0.091393 0.904884 -14.083188 -0.106605 0.992976 -0.051313 -20.595957 -0.903219 -0.075133 0.422553 242.910815 
0.424898 0.091783 0.900576 -13.179203 -0.109850 0.992722 -0.049346 -20.665828 -0.898551 -0.077961 0.431889 243.332632 
0.432653 0.091098 0.896946 -12.294884 -0.109905 0.992791 -0.047818 -20.728149 -0.894836 -0.077890 0.439546 243.795336 
0.439440 0.090217 0.893730 -11.418210 -0.111410 0.992735 -0.045431 -20.782332 -0.891336 -0.079606 0.446299 244.273360 
0.447114 0.090060 0.889932 -10.543998 -0.112974 0.992637 -0.043694 -20.840612 -0.887314 -0.081003 0.453996 244.755394 
0.454909 0.090334 0.885945 -9.668665 -0.112747 0.992679 -0.043324 -20.889240 -0.883372 -0.080180 0.461763 245.236463 
0.463664 0.090169 0.881411 -8.790745 -0.110478 0.992928 -0.043460 -20.928138 -0.879096 -0.077226 0.470347 245.713688 
0.472669 0.090597 0.876571 -7.909253 -0.109965 0.992990 -0.043333 -20.983104 -0.874352 -0.075910 0.479318 246.182676 
0.479008 0.089645 0.873221 -7.063509 -0.109677 0.993088 -0.041787 -21.027094 -0.870932 -0.075756 0.485529 246.714449 
0.485156 0.088386 0.869949 -6.211478 -0.110049 0.993140 -0.039529 -21.065791 -0.867475 -0.076559 0.491554 247.236509 
0.491028 0.085816 0.866906 -5.355737 -0.109769 0.993299 -0.036152 -21.112483 -0.864200 -0.077408 0.497158 247.751803 
0.496145 0.083970 0.864170 -4.493850 -0.109143 0.993449 -0.033869 -21.155505 -0.861353 -0.077515 0.502059 248.257074 
0.500661 0.081435 0.861804 -3.631550 -0.109819 0.993496 -0.030080 -21.204177 -0.858649 -0.079583 0.506348 248.761127 
0.504576 0.078083 0.859829 -2.774065 -0.110141 0.993586 -0.025595 -21.256122 -0.856313 -0.081787 0.509940 249.273008 
0.508239 0.073965 0.858034 -1.913460 -0.109914 0.993729 -0.020557 -21.313997 -0.854173 -0.083862 0.513181 249.778981 
0.510439 0.071561 0.856931 -1.060895 -0.109313 0.993846 -0.017881 -21.355828 -0.852937 -0.084547 0.515121 250.299925 
0.512277 0.072463 0.855758 -0.209574 -0.110022 0.993761 -0.018287 -21.395732 -0.851744 -0.084784 0.517054 250.823052 
0.514642 0.072894 0.854301 0.644767 -0.107935 0.993961 -0.019789 -21.433761 -0.850584 -0.082024 0.519402 251.341371 
0.516535 0.072923 0.853155 1.499813 -0.105387 0.994206 -0.021174 -21.457739 -0.849756 -0.078974 0.521227 251.859369 
0.517318 0.072285 0.852735 2.338596 -0.105516 0.994211 -0.020266 -21.477697 -0.849263 -0.079493 0.521951 252.403469 
0.519810 0.068313 0.851546 3.190764 -0.101902 0.994639 -0.017588 -21.514851 -0.848182 -0.077632 0.523985 252.925415 
0.522173 0.064896 0.850367 4.042270 -0.100858 0.994803 -0.013987 -21.544823 -0.846855 -0.078463 0.526004 253.448903 
0.521723 0.060938 0.850936 4.868895 -0.097316 0.995186 -0.011602 -21.561138 -0.847546 -0.076756 0.525142 254.011420 
0.523506 0.057447 0.850083 5.724648 -0.096790 0.995275 -0.007652 -21.581723 -0.846506 -0.078274 0.526593 254.528394 
0.525242 0.056253 0.849092 6.581377 -0.095142 0.995438 -0.007095 -21.601932 -0.845618 -0.077057 0.528198 255.043765 
0.524706 0.055660 0.849462 7.406071 -0.095886 0.995374 -0.005993 -21.613162 -0.845866 -0.078307 0.527616 255.609233 
0.523632 0.056882 0.850044 8.217774 -0.098653 0.995105 -0.005818 -21.623861 -0.846213 -0.080813 0.526680 256.193206 
0.523617 0.057791 0.849991 9.050590 -0.103574 0.994614 -0.003820 -21.628429 -0.845634 -0.086037 0.526783 256.746736 
0.523613 0.057461 0.850016 9.892372 -0.107567 0.994197 -0.000946 -21.650594 -0.845138 -0.090938 0.526755 257.286099 
0.523605 0.056732 0.850070 10.732079 -0.110353 0.993891 0.001642 -21.657756 -0.844784 -0.094668 0.526666 257.829092 
0.524199 0.056211 0.849738 11.574139 -0.111533 0.993756 0.003066 -21.669516 -0.844260 -0.096381 0.527195 258.368348 
0.525209 0.057221 0.849047 12.425812 -0.115624 0.993282 0.004581 -21.680994 -0.843082 -0.100576 0.528297 258.892294 
0.525237 0.058354 0.848953 13.251864 -0.120858 0.992648 0.006543 -21.681273 -0.842330 -0.106039 0.528428 259.455889 
0.526224 0.057011 0.848433 14.089547 -0.122308 0.992450 0.009171 -21.690358 -0.841504 -0.108596 0.529223 260.001971 
0.527681 0.056096 0.847589 14.924440 -0.122345 0.992432 0.010486 -21.692840 -0.840586 -0.109231 0.530550 260.552376 
0.529337 0.056895 0.846501 15.755923 -0.125260 0.992056 0.011650 -21.701312 -0.839114 -0.112200 0.532259 261.107863 
0.530896 0.057464 0.845486 16.585352 -0.127792 0.991718 0.012840 -21.687117 -0.837746 -0.114862 0.533843 261.666295 
0.534231 0.055630 0.843506 17.421959 -0.129072 0.991500 0.016357 -21.677490 -0.835427 -0.117611 0.536871 262.214014 
0.538798 0.051390 0.840866 18.256432 -0.126044 0.991820 0.020150 -21.676376 -0.832952 -0.116843 0.540868 262.765061 
0.544537 0.051710 0.837141 19.088484 -0.128451 0.991465 0.022310 -21.673417 -0.828842 -0.119680 0.546532 263.319750 
0.550636 0.050574 0.833212 19.920270 -0.126567 0.991681 0.023451 -21.669644 -0.825095 -0.118370 0.552456 263.874833 
0.556687 0.053318 0.829009 20.745637 -0.130760 0.991122 0.024062 -21.664129 -0.820366 -0.121796 0.558717 264.439404 
0.562026 0.054888 0.825296 21.559273 -0.133475 0.990737 0.025005 -21.651745 -0.816279 -0.124210 0.564146 265.020646 
0.568818 0.052819 0.820766 22.379841 -0.134663 0.990450 0.029587 -21.638099 -0.811364 -0.127356 0.570498 265.592033 
0.576080 0.046919 0.816046 23.181296 -0.128966 0.991064 0.034061 -21.620875 -0.807155 -0.124864 0.576983 266.189839 
0.583397 0.045489 0.810912 23.984668 -0.128052 0.991095 0.036528 -21.600480 -0.802029 -0.125149 0.584027 266.784967 
0.591849 0.046885 0.804684 24.786213 -0.128418 0.991041 0.036709 -21.578441 -0.795754 -0.125062 0.592567 267.382496 
0.601023 0.045549 0.797933 25.584139 -0.126059 0.991281 0.038365 -21.557603 -0.789228 -0.123645 0.601524 267.984890 
0.610584 0.046287 0.790598 26.368085 -0.126827 0.991121 0.039923 -21.541080 -0.781730 -0.124646 0.611033 268.605500 
0.620603 0.044372 0.782868 27.159100 -0.124112 0.991371 0.042197 -21.503636 -0.774240 -0.123351 0.620755 269.216150 
0.630523 0.041903 0.775039 27.943339 -0.122399 0.991416 0.045974 -21.472064 -0.766459 -0.123852 0.630239 269.835805 
0.638460 0.043479 0.768426 28.689107 -0.127772 0.990537 0.050114 -21.442032 -0.758975 -0.130179 0.637973 270.501333 
0.647460 0.042990 0.760886 29.445767 -0.127482 0.990450 0.052517 -21.408936 -0.751361 -0.131002 0.646757 271.154304 
0.655055 0.044220 0.754286 30.199369 -0.130521 0.989901 0.055318 -21.362525 -0.744222 -0.134687 0.654211 271.809994 
0.663551 0.039200 0.747103 30.926421 -0.127324 0.989975 0.061141 -21.305350 -0.737217 -0.135694 0.661890 272.494192 
0.673142 0.030946 0.738866 31.668882 -0.119828 0.990485 0.067684 -21.258664 -0.729741 -0.134097 0.670445 273.162452 
0.683138 0.025599 0.729841 32.411959 -0.113309 0.990998 0.071299 -21.203485 -0.721446 -0.131404 0.679889 273.829379 
0.692194 0.026462 0.721226 33.138435 -0.113004 0.990975 0.072096 -21.150249 -0.712809 -0.131406 0.688938 274.514506 
0.703029 0.023102 0.710786 33.855473 -0.107999 0.991348 0.074599 -21.093514 -0.702913 -0.129209 0.699441 275.209228 
0.713364 0.019270 0.700529 34.554659 -0.104450 0.991380 0.079093 -21.033828 -0.692966 -0.129593 0.709227 275.921671 
0.722783 0.017261 0.690859 35.236620 -0.103208 0.991173 0.083213 -20.969300 -0.683324 -0.131447 0.718185 276.650208 
0.732285 0.014601 0.680842 35.908231 -0.100839 0.991074 0.087203 -20.899332 -0.673491 -0.132513 0.727220 277.387801 
0.741863 0.013473 0.670416 36.573841 -0.099134 0.991015 0.089783 -20.825814 -0.663183 -0.133068 0.736533 278.130470 
0.751733 0.007914 0.659420 37.241072 -0.092599 0.991288 0.093665 -20.754842 -0.652934 -0.131473 0.745917 278.871933 
0.761236 0.007918 0.648427 37.893515 -0.091831 0.991165 0.095704 -20.672650 -0.641940 -0.132399 0.755237 279.625300 
0.768621 0.009682 0.639631 38.513793 -0.093379 0.990874 0.097212 -20.579576 -0.632853 -0.134447 0.762510 280.404140 
0.776086 0.011259 0.630527 39.139684 -0.094455 0.990637 0.098570 -20.494331 -0.623513 -0.136055 0.769883 281.179378 
0.782053 0.012926 0.623077 39.748534 -0.096989 0.990128 0.101194 -20.417979 -0.615618 -0.139571 0.775586 281.968981 
0.788538 0.015157 0.614799 40.369734 -0.097975 0.990024 0.101255 -20.337244 -0.607131 -0.140078 0.782157 282.748463 
0.793996 0.018242 0.607649 40.956646 -0.099973 0.989859 0.100916 -20.249075 -0.599646 -0.140875 0.787768 283.553298 
0.798787 0.020379 0.601269 41.530775 -0.102857 0.989337 0.103114 -20.144598 -0.592756 -0.144210 0.792366 284.365370 
0.804010 0.020464 0.594263 42.115830 -0.105163 0.988547 0.108240 -20.054827 -0.585242 -0.149520 0.796954 285.171380 
0.808736 0.023055 0.587719 42.698374 -0.108839 0.987841 0.111018 -19.963524 -0.578013 -0.153752 0.801412 285.979035 
0.814119 0.023490 0.580223 43.289024 -0.109216 0.987544 0.113263 -19.876899 -0.570335 -0.155579 0.806544 286.781299 
0.817759 0.026128 0.574967 43.850153 -0.113540 0.986662 0.116649 -19.781049 -0.564251 -0.160672 0.809818 287.603460 
0.821037 0.027588 0.570207 44.409398 -0.114720 0.986429 0.117458 -19.669355 -0.559229 -0.161852 0.813060 288.424903 
0.823097 0.030974 0.567055 44.975349 -0.115499 0.986773 0.113751 -19.572199 -0.556032 -0.159123 0.815787 289.243597 
0.824118 0.038260 0.565124 45.538143 -0.119835 0.986909 0.107939 -19.478080 -0.553596 -0.156676 0.817914 290.064819 
0.825021 0.041762 0.563557 46.095464 -0.121205 0.987134 0.104288 -19.385451 -0.551951 -0.154345 0.819468 290.889933 
0.825367 0.042612 0.562987 46.634810 -0.121570 0.987171 0.103510 -19.282789 -0.551353 -0.153876 0.819958 291.725736 
0.825748 0.042562 0.562432 47.202037 -0.122406 0.986907 0.105030 -19.193631 -0.550597 -0.155574 0.820146 292.544457 
0.826645 0.039861 0.561310 47.744148 -0.119866 0.987068 0.106433 -19.100060 -0.549809 -0.155265 0.820733 293.379538 
0.827438 0.037396 0.560311 48.300700 -0.116327 0.987552 0.105874 -19.009133 -0.549377 -0.152783 0.821488 294.205360 
0.827880 0.036748 0.559700 48.844405 -0.114860 0.987813 0.105037 -18.911391 -0.549019 -0.151245 0.822011 295.038925 
0.829386 0.034271 0.557624 49.403373 -0.110770 0.988389 0.104009 -18.817598 -0.547585 -0.148032 0.823552 295.862793 
0.829956 0.035945 0.556670 49.952909 -0.111980 0.988344 0.103136 -18.734955 -0.546474 -0.147934 0.824307 296.694165 
0.830924 0.037096 0.555147 50.491993 -0.113549 0.988082 0.103930 -18.649316 -0.544675 -0.149394 0.825233 297.532052 
0.833482 0.034756 0.551453 51.031286 -0.110848 0.988248 0.105253 -18.554422 -0.541314 -0.148854 0.827539 298.368807 
0.835970 0.037553 0.547489 51.554429 -0.113659 0.987872 0.105788 -18.461609 -0.536876 -0.150663 0.830099 299.215982 
0.841620 0.036873 0.538810 52.106647 -0.111054 0.988162 0.105843 -18.369490 -0.528528 -0.148917 0.835752 300.044578 
0.847675 0.036285 0.529273 52.637348 -0.109827 0.988048 0.108159 -18.283701 -0.519023 -0.149812 0.841529 300.887784 
0.853683 0.037507 0.519441 53.140155 -0.109999 0.987887 0.109447 -18.182528 -0.509044 -0.150571 0.847468 301.746241 
0.859622 0.041120 0.509273 53.626557 -0.112275 0.987595 0.109774 -18.090343 -0.498441 -0.151543 0.853576 302.615099 
0.866550 0.042073 0.497313 54.130150 -0.111303 0.987637 0.110387 -17.986061 -0.486520 -0.151008 0.860520 303.472724 
0.872787 0.042015 0.486290 54.605076 -0.111167 0.987215 0.114227 -17.888578 -0.475274 -0.153755 0.866299 304.347334 
0.879293 0.040783 0.474532 55.085904 -0.109102 0.987082 0.117329 -17.798718 -0.463617 -0.154939 0.872384 305.219532 
0.885719 0.039521 0.462537 55.547347 -0.106131 0.987220 0.118878 -17.702465 -0.451928 -0.154382 0.878594 306.101465 
0.892400 0.039231 0.449537 56.002997 -0.103860 0.987324 0.120016 -17.601551 -0.439130 -0.153791 0.885163 306.985885 
0.898229 0.040695 0.437639 56.429880 -0.104206 0.987033 0.122096 -17.497174 -0.426996 -0.155275 0.890822 307.884148 
0.904107 0.043772 0.425059 56.848563 -0.105671 0.986746 0.123152 -17.398725 -0.414034 -0.156259 0.896749 308.786929 
0.908627 0.049048 0.414718 57.229921 -0.109624 0.986266 0.123536 -17.301422 -0.402964 -0.157712 0.901525 309.706221 
0.913259 0.052635 0.403966 57.618029 -0.111889 0.985891 0.124495 -17.197597 -0.391714 -0.158895 0.906263 310.621968 
0.916554 0.056962 0.395834 57.984238 -0.115442 0.985353 0.125509 -17.082061 -0.382887 -0.160731 0.909705 311.545300 
0.919350 0.058950 0.389000 58.366766 -0.116697 0.985076 0.126517 -16.972804 -0.375737 -0.161709 0.912509 312.462761 
0.921656 0.059523 0.383416 58.742512 -0.116209 0.985148 0.126404 -16.862225 -0.370197 -0.161058 0.914885 313.382863 
0.923282 0.059372 0.379506 59.112968 -0.115476 0.985183 0.126809 -16.758041 -0.366354 -0.160905 0.916458 314.305852 
0.925323 0.057410 0.374808 59.480959 -0.112555 0.985506 0.126921 -16.648546 -0.362089 -0.159629 0.918373 315.229211 
0.927086 0.057494 0.370413 59.837209 -0.111748 0.985626 0.126703 -16.532593 -0.357804 -0.158857 0.920185 316.156380 
0.928896 0.058752 0.365650 60.190096 -0.111603 0.985845 0.125114 -16.416127 -0.353123 -0.157026 0.922305 317.084769 
0.930220 0.060545 0.361973 60.530601 -0.112274 0.985958 0.123614 -16.312189 -0.349406 -0.155629 0.923956 318.019249 
0.932358 0.060686 0.356407 60.868451 -0.111210 0.986155 0.123009 -16.207539 -0.344007 -0.154324 0.926198 318.954613 
0.934218 0.065108 0.350710 61.212361 -0.114717 0.985808 0.122570 -16.102422 -0.337752 -0.154740 0.928428 319.887713 
0.936244 0.065611 0.345170 61.531735 -0.115287 0.985385 0.125400 -16.004438 -0.331898 -0.157198 0.930125 320.830263 
0.938329 0.068719 0.338845 61.871842 -0.118997 0.984361 0.129896 -15.891993 -0.324620 -0.162207 0.931832 321.763903 
0.940057 0.070150 0.333724 62.181957 -0.120470 0.983829 0.132544 -15.783875 -0.319030 -0.164803 0.933306 322.708434 
0.941896 0.069660 0.328602 62.484572 -0.118722 0.984159 0.131670 -15.667718 -0.314225 -0.163031 0.935245 323.654442 
0.943146 0.069156 0.325104 62.788083 -0.116404 0.984895 0.128188 -15.553889 -0.311328 -0.158743 0.936950 324.600446 
0.944801 0.067831 0.320545 63.106061 -0.113958 0.985284 0.127391 -15.440590 -0.307187 -0.156888 0.938628 325.541750 
0.945779 0.065584 0.318122 63.424718 -0.111119 0.985639 0.127158 -15.328028 -0.305214 -0.155612 0.939484 326.482913 
0.945552 0.067248 0.318448 63.742964 -0.113206 0.985283 0.128071 -15.213579 -0.305149 -0.157148 0.939249 327.423988 
0.943761 0.069795 0.323178 64.076212 -0.116999 0.984718 0.129002 -15.105974 -0.309236 -0.159559 0.937504 328.360666 
0.940960 0.072107 0.330749 64.425456 -0.120742 0.984277 0.128920 -15.008450 -0.316252 -0.161244 0.934872 329.292609 
0.936765 0.073702 0.342109 64.761460 -0.124183 0.983961 0.128060 -14.896393 -0.327184 -0.162446 0.930893 330.227780 
0.932796 0.072430 0.353052 65.094571 -0.124437 0.984081 0.126885 -14.783520 -0.338242 -0.162290 0.926960 331.163887 
0.930302 0.070273 0.359999 65.505578 -0.123034 0.984399 0.125783 -14.643110 -0.345544 -0.161309 0.924435 332.064641 
0.926582 0.068429 0.369816 65.824164 -0.122786 0.984469 0.125481 -14.557227 -0.355486 -0.161676 0.920593 333.008637 
0.924484 0.068326 0.375049 66.197037 -0.123243 0.984545 0.124429 -14.459091 -0.360750 -0.161255 0.918616 333.931315 
0.923285 0.067706 0.378101 66.563308 -0.122116 0.985013 0.121810 -14.355707 -0.364187 -0.158638 0.917716 334.856062 
0.922609 0.062050 0.380713 66.874550 -0.116171 0.985850 0.120846 -14.267514 -0.367828 -0.155722 0.916763 335.802292 
0.924099 0.057943 0.377734 67.247863 -0.110957 0.986540 0.120116 -14.163858 -0.365690 -0.152912 0.918090 336.724188 
0.926690 0.057248 0.371442 67.617537 -0.109303 0.986662 0.120625 -14.064329 -0.359582 -0.152382 0.920587 337.648004 
0.929791 0.056233 0.363767 67.942469 -0.106941 0.986902 0.120783 -13.965965 -0.352211 -0.151204 0.923626 338.588612 
0.934516 0.054731 0.351688 68.306627 -0.103615 0.987143 0.121707 -13.870302 -0.340506 -0.150177 0.928172 339.515023 
0.939448 0.052300 0.338677 68.632721 -0.099115 0.987515 0.122438 -13.758273 -0.328045 -0.148593 0.932902 340.453699 
0.945031 0.050723 0.323022 68.949033 -0.095594 0.987592 0.124592 -13.651849 -0.312694 -0.148622 0.938154 341.396366 
0.951251 0.048536 0.304574 69.239989 -0.090687 0.987901 0.125809 -13.543587 -0.294782 -0.147297 0.944144 342.346957 
0.958041 0.044545 0.283149 69.528726 -0.083279 0.988494 0.126268 -13.431553 -0.274267 -0.144551 0.950728 343.297788 
0.964438 0.045096 0.260434 69.787354 -0.080385 0.988707 0.126480 -13.315715 -0.251789 -0.142917 0.957171 344.256794 
0.970939 0.044386 0.235174 70.037786 -0.075880 0.989046 0.126607 -13.187756 -0.226978 -0.140773 0.963672 345.216435 
0.976792 0.045696 0.209261 70.221177 -0.073521 0.989151 0.127182 -13.092512 -0.201179 -0.139616 0.969554 346.194850 
0.982241 0.045487 0.182028 70.379866 -0.069242 0.989566 0.126354 -12.992948 -0.174381 -0.136714 0.975141 347.177146 
0.986832 0.049658 0.153937 70.499956 -0.069563 0.989493 0.126745 -12.880808 -0.146025 -0.135784 0.979918 348.163555 
0.990949 0.050792 0.124257 70.616986 -0.066760 0.989535 0.127923 -12.762975 -0.116460 -0.135060 0.983969 349.149668 
0.994282 0.051158 0.093732 70.704008 -0.063252 0.989366 0.130972 -12.647896 -0.086035 -0.136152 0.986945 350.139205 
0.996620 0.052617 0.063094 70.748258 -0.060523 0.989565 0.130761 -12.527012 -0.055556 -0.134137 0.989404 351.130885 
0.998125 0.051982 0.032329 70.768292 -0.055788 0.989836 0.130818 -12.407316 -0.025201 -0.132376 0.990879 352.123494 
0.998679 0.051297 0.003011 70.763837 -0.051249 0.990083 0.130804 -12.285649 0.003729 -0.130786 0.991404 353.116055 
0.998249 0.054706 -0.022479 70.721764 -0.051373 0.990344 0.128761 -12.169266 0.029306 -0.127381 0.991421 354.108368 
0.997399 0.057562 -0.043373 70.650365 -0.051527 0.990265 0.129303 -12.054171 0.050393 -0.126732 0.990656 355.099153 
0.996216 0.062617 -0.060279 70.564452 -0.054177 0.989676 0.132691 -11.916236 0.067965 -0.128923 0.989323 356.085861 
0.995293 0.065992 -0.070965 70.463649 -0.055638 0.988715 0.139096 -11.795256 0.079343 -0.134493 0.987733 357.073384 
0.994635 0.069565 -0.076557 70.373687 -0.058473 0.988614 0.138647 -11.669669 0.085330 -0.133427 0.987378 358.061380 
0.994251 0.070923 -0.080214 70.292962 -0.059862 0.989339 0.132758 -11.554628 0.088775 -0.127193 0.987897 359.051455 
0.994107 0.071224 -0.081716 70.208166 -0.060441 0.989984 0.127585 -11.431960 0.089985 -0.121895 0.988456 360.040273 
0.994051 0.072549 -0.081241 70.143563 -0.061943 0.990067 0.126216 -11.319311 0.089591 -0.120432 0.988671 361.031806 
0.994527 0.069236 -0.078244 70.058713 -0.059030 0.990277 0.125962 -11.192217 0.086204 -0.120654 0.988945 362.020061 
0.994945 0.066790 -0.074995 69.956475 -0.056971 0.990369 0.126185 -11.070893 0.082700 -0.121274 0.989168 363.007395 
0.995237 0.065311 -0.072376 69.873106 -0.055992 0.990696 0.124040 -10.961206 0.079804 -0.119396 0.989634 363.997858 
0.995579 0.063818 -0.068916 69.776115 -0.055297 0.991333 0.119171 -10.846417 0.075924 -0.114833 0.990479 364.986502 
0.995764 0.062960 -0.067009 69.695648 -0.055000 0.991884 0.114633 -10.752902 0.073683 -0.110462 0.991145 365.978863 
0.995843 0.063259 -0.065543 69.627206 -0.055602 0.992071 0.112708 -10.649551 0.072153 -0.108595 0.991464 366.971150 
0.996030 0.061568 -0.064297 69.554008 -0.053930 0.991967 0.114426 -10.550198 0.070826 -0.110504 0.991349 367.963506 
0.996005 0.063029 -0.063258 69.476791 -0.055341 0.991626 0.116689 -10.445446 0.070083 -0.112722 0.991152 368.955003 
0.996157 0.061054 -0.062797 69.387906 -0.053345 0.991595 0.117869 -10.339357 0.069465 -0.114066 0.991042 369.945378 
0.995969 0.064402 -0.062431 69.314808 -0.056720 0.991411 0.117847 -10.235721 0.069484 -0.113831 0.991067 370.937304 
0.995886 0.064954 -0.063186 69.242477 -0.057189 0.991393 0.117769 -10.134233 0.070291 -0.113671 0.991029 371.929508 
0.995841 0.064405 -0.064441 69.189542 -0.056573 0.991549 0.116745 -10.017957 0.071415 -0.112614 0.991069 372.921313 
0.995805 0.064378 -0.065023 69.098950 -0.056614 0.991763 0.114899 -9.911140 0.071884 -0.110736 0.991247 373.911456 
0.995745 0.063576 -0.066701 69.020097 -0.055865 0.992170 0.111708 -9.805890 0.073281 -0.107507 0.991500 374.902771 
0.995633 0.062870 -0.069012 68.919660 -0.055071 0.992449 0.109603 -9.704021 0.075381 -0.105324 0.991577 375.892485 
0.995521 0.058605 -0.074181 68.854098 -0.050176 0.992576 0.110794 -9.612707 0.080123 -0.106576 0.991071 376.886147 
0.995437 0.048590 -0.082127 68.779986 -0.039248 0.992959 0.111768 -9.511513 0.086980 -0.108034 0.990335 377.878249 
0.994738 0.045078 -0.092003 68.698225 -0.034606 0.993061 0.112395 -9.418733 0.096431 -0.108620 0.989395 378.870573 
0.993967 0.039809 -0.102201 68.585980 -0.028382 0.993424 0.110918 -9.313850 0.105945 -0.107348 0.988561 379.858703 
0.993180 0.040668 -0.109264 68.436316 -0.028631 0.993568 0.109559 -9.227292 0.113017 -0.105684 0.987957 380.843644 
0.992242 0.039880 -0.117752 68.288710 -0.026969 0.993646 0.109275 -9.140248 0.121362 -0.105251 0.987012 381.828853 
0.991070 0.036369 -0.128288 68.158600 -0.022232 0.993688 0.109951 -9.046762 0.131477 -0.106117 0.985623 382.815935 
0.989917 0.034981 -0.137260 68.010575 -0.019718 0.993622 0.111021 -8.954757 0.140269 -0.107196 0.984294 383.800630 
0.988657 0.033770 -0.146343 67.853338 -0.017474 0.993639 0.111245 -8.864956 0.149169 -0.107426 0.982959 384.784099 
0.987402 0.033207 -0.154709 67.671282 -0.016170 0.993788 0.110111 -8.774931 0.157404 -0.106222 0.981805 385.763258 
0.985901 0.033345 -0.163971 67.510569 -0.015602 0.993993 0.108326 -8.679872 0.166598 -0.104240 0.980499 386.745671 
0.984503 0.030837 -0.172636 67.330673 -0.012384 0.994186 0.106962 -8.585441 0.174931 -0.103167 0.979161 387.724813 
0.983142 0.032299 -0.179969 67.139258 -0.013098 0.994186 0.106872 -8.500410 0.182375 -0.102713 0.977849 388.702632 
0.981869 0.031378 -0.186948 66.946870 -0.011442 0.994217 0.106782 -8.415084 0.189217 -0.102707 0.976549 389.680234 
0.980757 0.032148 -0.192565 66.740598 -0.011788 0.994301 0.105959 -8.326517 0.194874 -0.101650 0.975547 390.654713 
0.979807 0.028429 -0.197915 66.523794 -0.007796 0.994520 0.104260 -8.240345 0.199794 -0.100612 0.974659 391.627117 
0.978512 0.024396 -0.204740 66.336561 -0.003976 0.995024 0.099560 -8.156583 0.206150 -0.096607 0.973740 392.605855 
0.977523 0.020221 -0.209856 66.114254 -0.000299 0.995522 0.094535 -8.076964 0.210828 -0.092347 0.973151 393.577575 
0.976265 0.016316 -0.215963 65.895448 0.004105 0.995585 0.093777 -7.997229 0.216540 -0.092438 0.971888 394.550081 
0.975152 0.015614 -0.220985 65.673330 0.006029 0.995274 0.096924 -7.913507 0.221454 -0.095848 0.970449 395.521499 
0.974186 0.014322 -0.225291 65.435804 0.007676 0.995307 0.096462 -7.825327 0.225615 -0.095701 0.969505 396.488870 
0.973211 0.015362 -0.229401 65.212168 0.006995 0.995325 0.096330 -7.741966 0.229808 -0.095354 0.968553 397.459971 
0.972612 0.018281 -0.231713 64.960707 0.004442 0.995258 0.097165 -7.661058 0.232390 -0.095533 0.967920 398.424451 
0.971877 0.015657 -0.234966 64.755867 0.007894 0.995061 0.098956 -7.572717 0.235355 -0.098028 0.966953 399.399252 
0.971211 0.014447 -0.237784 64.546549 0.010380 0.994645 0.102827 -7.487300 0.237996 -0.102335 0.965860 400.373361 
0.971137 0.010195 -0.238306 64.297134 0.015168 0.994424 0.104356 -7.389558 0.238041 -0.104959 0.965567 401.336813 
0.970882 0.005289 -0.239500 64.066993 0.020290 0.994348 0.104209 -7.297399 0.238698 -0.106034 0.965288 402.305596 
0.970672 -0.000881 -0.240404 63.820640 0.027022 0.994056 0.105466 -7.211131 0.238882 -0.108869 0.964926 403.270930 
0.970417 -0.005593 -0.241371 63.577899 0.031738 0.994011 0.104569 -7.122403 0.239341 -0.109136 0.964783 404.236955 
0.970167 -0.008094 -0.242301 63.331011 0.034495 0.993883 0.104917 -7.032902 0.239969 -0.110146 0.964512 405.201857 
0.970055 -0.008537 -0.242735 63.084689 0.035013 0.993859 0.104972 -6.951378 0.240348 -0.110328 0.964396 406.167610 
0.969808 -0.010408 -0.243646 62.826573 0.037322 0.993654 0.106109 -6.857759 0.240995 -0.111999 0.964042 407.129177 
0.969484 -0.010036 -0.244950 62.571542 0.037445 0.993500 0.107497 -6.762902 0.242279 -0.113389 0.963558 408.091446 
0.969048 -0.008751 -0.246716 62.327381 0.036928 0.993266 0.109814 -6.672379 0.244093 -0.115526 0.962846 409.056946 
0.968987 -0.004188 -0.247075 62.074714 0.032942 0.993122 0.112358 -6.585388 0.244905 -0.117013 0.962460 410.020581 
0.968900 -0.002673 -0.247439 61.816574 0.031957 0.992920 0.114409 -6.486463 0.245381 -0.118758 0.962125 410.981610 
0.968962 -0.000844 -0.247208 61.562678 0.030437 0.992793 0.115912 -6.389395 0.245329 -0.119839 0.962004 411.943959 
0.969412 0.002350 -0.245427 61.314177 0.027265 0.992734 0.117199 -6.291849 0.243919 -0.120306 0.962305 412.907666 
0.969944 0.004810 -0.243282 61.063401 0.025041 0.992523 0.119458 -6.194273 0.242038 -0.121959 0.962571 413.870781 
0.970295 0.005152 -0.241872 60.826896 0.025079 0.992245 0.121744 -6.092268 0.240623 -0.124193 0.962640 414.837042 
0.970542 0.005636 -0.240865 60.587450 0.024997 0.991975 0.123935 -5.990683 0.239630 -0.126305 0.962613 415.802623 
0.970992 0.006928 -0.239014 60.328910 0.024043 0.991685 0.126423 -5.883747 0.237902 -0.128502 0.962751 416.762686 
0.971474 0.011601 -0.236863 60.072949 0.019449 0.991541 0.128331 -5.787296 0.236348 -0.129277 0.963030 417.724550 
0.971795 0.013402 -0.235447 59.848640 0.017402 0.991587 0.128265 -5.681076 0.235185 -0.128744 0.963386 418.693262 
0.972193 0.011547 -0.233898 59.597248 0.019013 0.991595 0.127977 -5.573108 0.233410 -0.128865 0.963802 419.655106 
0.972477 0.012135 -0.232685 59.364134 0.018594 0.991416 0.129417 -5.463755 0.232258 -0.130181 0.963903 420.621388 
0.972645 0.011730 -0.231999 59.135085 0.019659 0.990985 0.132522 -5.349192 0.231461 -0.133458 0.963646 421.588038 
0.972881 0.009829 -0.231096 58.909388 0.022219 0.990506 0.135666 -5.233054 0.230235 -0.137121 0.963426 422.555288 
0.973091 0.009228 -0.230236 58.685938 0.023020 0.990305 0.136987 -5.112675 0.229268 -0.138601 0.963445 423.522541 
0.973358 0.007047 -0.229183 58.448805 0.025141 0.990221 0.137227 -4.998758 0.227909 -0.139333 0.963662 424.487316 
0.973483 0.002147 -0.228751 58.222163 0.030012 0.990114 0.137014 -4.882177 0.226784 -0.140246 0.963795 425.454292 
0.973693 0.001004 -0.227862 57.984398 0.031109 0.990042 0.137295 -4.764218 0.225731 -0.140772 0.963965 426.418425 
0.973663 -0.004214 -0.227953 57.756708 0.036528 0.989797 0.137726 -4.644193 0.225047 -0.142425 0.963882 427.384733 
0.973559 -0.005054 -0.228379 57.530738 0.037063 0.990004 0.136086 -4.528284 0.225408 -0.140952 0.964014 428.351947 
0.973710 -0.004545 -0.227746 57.294639 0.036668 0.989890 0.137016 -4.408249 0.224821 -0.141765 0.964032 429.316234 
0.973672 -0.005543 -0.227885 57.062392 0.038151 0.989566 0.138935 -4.298718 0.224737 -0.143972 0.963725 430.282704 
0.973710 -0.003479 -0.227767 56.823387 0.036793 0.989157 0.142180 -4.176633 0.224802 -0.146823 0.963279 431.246017 
0.973571 -0.002930 -0.228367 56.597991 0.036136 0.989298 0.141362 -4.044537 0.225509 -0.145878 0.963258 432.211288 
0.973501 -0.002892 -0.228666 56.368544 0.036298 0.989197 0.142024 -3.920612 0.225786 -0.146561 0.963089 433.176687 
0.973463 -0.003769 -0.228812 56.133973 0.036893 0.989370 0.140665 -3.799258 0.225849 -0.145374 0.963254 434.141182 
0.973490 -0.003950 -0.228697 55.884058 0.037318 0.989197 0.141765 -3.677277 0.225666 -0.146541 0.963120 435.101735 
0.973532 -0.003524 -0.228523 55.630904 0.037242 0.988963 0.143404 -3.556671 0.225496 -0.148120 0.962919 436.061614 
0.973511 -0.002181 -0.228631 55.396383 0.036123 0.988863 0.144380 -3.435684 0.225770 -0.148814 0.962747 437.026167 
0.973442 -0.001364 -0.228928 55.154592 0.035269 0.988938 0.144077 -3.309553 0.226199 -0.148324 0.962722 437.988263 
0.973132 -0.002795 -0.230233 54.928133 0.036920 0.988883 0.144043 -3.174335 0.227271 -0.148673 0.962416 438.952852 
0.973106 -0.001466 -0.230355 54.691999 0.035754 0.988823 0.144745 -3.046927 0.227568 -0.149088 0.962281 439.916184 
0.973054 -0.000935 -0.230574 54.453890 0.035625 0.988594 0.146333 -2.921439 0.227808 -0.150604 0.961989 440.879281 
0.973048 -0.000450 -0.230601 54.221087 0.035491 0.988376 0.147828 -2.790333 0.227854 -0.152028 0.961754 441.842927 
0.973025 -0.000321 -0.230700 53.983448 0.035877 0.988043 0.149944 -2.660116 0.227893 -0.154176 0.961402 442.805513 
0.972987 0.000853 -0.230859 53.746350 0.035451 0.987581 0.153060 -2.535527 0.228123 -0.157110 0.960873 443.768977 
0.972744 0.000447 -0.231883 53.522676 0.036904 0.986954 0.156717 -2.397571 0.228928 -0.161003 0.960036 444.733828 
0.972362 0.000269 -0.233480 53.285462 0.038289 0.986277 0.160600 -2.260912 0.230319 -0.165101 0.959007 445.695625 
0.971895 -0.000884 -0.235415 53.035470 0.040521 0.985696 0.163590 -2.117203 0.231903 -0.168531 0.958028 446.653149 
0.971408 -0.002116 -0.237406 52.797268 0.042610 0.985277 0.165571 -1.971803 0.233560 -0.170953 0.957196 447.613419 
0.971056 -0.002674 -0.238838 52.550487 0.043889 0.984909 0.167416 -1.834329 0.234786 -0.173053 0.956519 448.572690 
0.970731 -0.003906 -0.240138 52.296578 0.045631 0.984655 0.168442 -1.684077 0.235795 -0.174470 0.956013 449.528176 
0.970459 -0.002045 -0.241258 52.042919 0.044105 0.984618 0.169064 -1.530245 0.237201 -0.174711 0.955621 450.483159 
0.970031 -0.004688 -0.242936 51.801566 0.047182 0.984418 0.169396 -1.385042 0.238356 -0.175782 0.955137 451.442672 
0.970083 -0.005241 -0.242718 51.553195 0.047868 0.984270 0.170062 -1.233335 0.238009 -0.176592 0.955074 452.399383 
0.970293 -0.004971 -0.241880 51.290873 0.047473 0.984264 0.170208 -1.085164 0.237228 -0.176634 0.955261 453.352920 
0.970693 -0.006604 -0.240232 51.021552 0.048879 0.984154 0.170446 -0.932589 0.235300 -0.177193 0.955634 454.303808 
0.970773 -0.011652 -0.239717 50.784101 0.053662 0.984071 0.169482 -0.774798 0.233923 -0.177392 0.955935 455.262306 
0.970840 -0.011777 -0.239437 50.562786 0.054163 0.983742 0.171227 -0.637479 0.233528 -0.179203 0.955694 456.227792 
0.971069 -0.011023 -0.238543 50.320025 0.053375 0.983681 0.171824 -0.486641 0.232756 -0.179585 0.955810 457.186080 
0.971285 -0.011547 -0.237639 50.049932 0.053375 0.983938 0.170343 -0.337014 0.231855 -0.178135 0.956301 458.137217 
0.971571 -0.012436 -0.236420 49.800702 0.053524 0.984302 0.168183 -0.182093 0.230617 -0.176056 0.956985 459.093190 
0.971740 -0.013216 -0.235682 49.563167 0.053830 0.984531 0.166737 -0.044961 0.229832 -0.174712 0.957420 460.054840 
0.972025 -0.011620 -0.234589 49.311987 0.051786 0.984799 0.165797 0.101234 0.229097 -0.173307 0.957851 461.011676 
0.971942 -0.012839 -0.234870 49.095216 0.052932 0.984837 0.165208 0.244471 0.229187 -0.173005 0.957884 461.977333 
0.972062 -0.014264 -0.234291 48.860429 0.054085 0.984904 0.164433 0.395053 0.228409 -0.172511 0.958159 462.937646 
0.972613 -0.015601 -0.231906 48.595513 0.054679 0.985101 0.163053 0.536368 0.225907 -0.171268 0.958975 463.891506 
0.972968 -0.015683 -0.230407 48.391059 0.054367 0.985206 0.162521 0.684592 0.224450 -0.170655 0.959427 464.859095 
0.973850 -0.014213 -0.226746 48.149145 0.052220 0.985323 0.162518 0.814739 0.221108 -0.170109 0.960299 465.820625 
0.974773 -0.018420 -0.222435 47.934685 0.055408 0.985363 0.161212 0.960171 0.216210 -0.169470 0.961527 466.786470 
0.976519 -0.016864 -0.214772 47.700510 0.052350 0.985625 0.160632 1.097739 0.208976 -0.168104 0.963364 467.748882 
0.978861 -0.014816 -0.203987 47.470726 0.048671 0.985595 0.161969 1.245404 0.198649 -0.168473 0.965482 468.710856 
0.981420 -0.010639 -0.191577 47.262578 0.043143 0.985130 0.166307 1.392687 0.186959 -0.171482 0.967285 469.677801 
0.984495 -0.008103 -0.175227 47.040072 0.038967 0.984075 0.173427 1.526373 0.171031 -0.177567 0.969133 470.643523 
0.987381 -0.009606 -0.158069 46.862795 0.037936 0.983443 0.177201 1.702269 0.153749 -0.180961 0.971398 471.611837 
0.990463 -0.007467 -0.137577 46.699336 0.032209 0.983410 0.178512 1.856171 0.133962 -0.181240 0.974272 472.586309 
0.993099 -0.004805 -0.117182 46.608237 0.026114 0.983137 0.180998 2.012434 0.114337 -0.182809 0.976477 473.569815 
0.995606 -0.002392 -0.093614 46.516091 0.019548 0.982960 0.182779 2.189816 0.091581 -0.183806 0.978687 474.549633 
0.997725 -0.002236 -0.067380 46.428528 0.014753 0.982467 0.185855 2.358863 0.065783 -0.186426 0.980264 475.531344 
0.999251 -0.002094 -0.038631 46.354160 0.009240 0.982555 0.185744 2.530245 0.037569 -0.185962 0.981838 476.513738 
0.999918 -0.004962 -0.011816 46.356904 0.007042 0.983065 0.183124 2.706863 0.010707 -0.183192 0.983019 477.498014 
0.999875 -0.005242 0.014941 46.392785 0.002441 0.983363 0.181637 2.853471 -0.015645 -0.181577 0.983252 478.486557 
0.999075 -0.008743 0.042113 46.414399 0.001025 0.983684 0.179901 3.030517 -0.042999 -0.179691 0.982783 479.470523 
0.997623 -0.012695 0.067722 46.511557 0.000297 0.983663 0.180017 3.197546 -0.068901 -0.179569 0.981330 480.451676 
0.995531 -0.015967 0.093075 46.630586 -0.001120 0.983536 0.180711 3.352413 -0.094428 -0.180008 0.979122 481.432414 
0.992699 -0.020516 0.118861 46.768837 -0.001423 0.983369 0.181614 3.520029 -0.120611 -0.180458 0.976160 482.408525 
0.989245 -0.021333 0.144703 46.906536 -0.005375 0.983336 0.181716 3.694021 -0.146169 -0.180540 0.972646 483.383597 
0.985225 -0.022059 0.169838 47.079157 -0.009418 0.983191 0.182335 3.840552 -0.171006 -0.181240 0.968457 484.357625 
0.980214 -0.023240 0.196574 47.257443 -0.013064 0.983323 0.181396 4.010985 -0.197511 -0.180375 0.963563 485.326731 
0.974975 -0.025921 0.220800 47.485978 -0.014825 0.983388 0.180908 4.161789 -0.221822 -0.179654 0.958394 486.288516 
0.969430 -0.028033 0.243762 47.764179 -0.016608 0.983677 0.179174 4.324310 -0.244806 -0.177745 0.953140 487.235190 
0.963048 -0.027797 0.267893 48.003826 -0.020837 0.983989 0.177008 4.473995 -0.268524 -0.176049 0.947049 488.194441 
0.957345 -0.031139 0.287263 48.319038 -0.020551 0.984320 0.175188 4.625312 -0.288214 -0.173619 0.941695 489.131322 
0.951221 -0.033286 0.306710 48.625176 -0.021444 0.984624 0.173364 4.780394 -0.307765 -0.171485 0.935881 490.070592 
0.944847 -0.032141 0.325931 48.933164 -0.026078 0.984630 0.172696 4.933564 -0.326472 -0.171671 0.929487 491.009571 
0.938677 -0.031680 0.343340 49.286331 -0.029109 0.984934 0.170462 5.095007 -0.343568 -0.170003 0.923613 491.931097 
0.931956 -0.031420 0.361208 49.632928 -0.032297 0.985084 0.169019 5.247909 -0.361131 -0.169184 0.917039 492.856565 
0.924969 -0.033424 0.378570 50.014028 -0.033208 0.985207 0.168120 5.387281 -0.378589 -0.168078 0.910176 493.770533 
0.917718 -0.035228 0.395667 50.415031 -0.034155 0.985374 0.166950 5.537066 -0.395762 -0.166727 0.903092 494.674282 
0.909382 -0.033649 0.414599 50.798932 -0.039058 0.985412 0.165646 5.693954 -0.414124 -0.166829 0.894801 495.584230 
0.901294 -0.039143 0.431436 51.230339 -0.036891 0.985357 0.166466 5.841679 -0.431635 -0.165951 0.886652 496.474211 
0.893803 -0.042362 0.446455 51.700791 -0.036341 0.985413 0.166257 6.005057 -0.446985 -0.164826 0.879225 497.341380 
0.885667 -0.043258 0.462301 52.173257 -0.037695 0.985666 0.164445 6.156245 -0.462788 -0.163070 0.871341 498.209665 
0.877459 -0.045176 0.477520 52.665030 -0.037068 0.986190 0.161414 6.309688 -0.478217 -0.159335 0.863667 499.066761 
0.869388 -0.044889 0.492087 53.180333 -0.038222 0.986772 0.157543 6.446056 -0.492649 -0.155774 0.856172 499.912850 
0.860229 -0.042467 0.508137 53.681556 -0.042563 0.987068 0.154547 6.580718 -0.508129 -0.154573 0.847297 500.767626 
0.850034 -0.037541 0.525388 54.194423 -0.049975 0.987209 0.151395 6.716375 -0.524351 -0.154947 0.837285 501.615308 
0.838859 -0.036483 0.543125 54.738749 -0.054422 0.987132 0.150363 6.853162 -0.541621 -0.155691 0.826079 502.442954 
0.827210 -0.040590 0.560425 55.311171 -0.054419 0.986911 0.151804 6.973981 -0.559251 -0.156071 0.814174 503.253963 
0.814296 -0.040685 0.579022 55.896601 -0.059529 0.986427 0.153028 7.107667 -0.577389 -0.159079 0.800822 504.053589 
0.799654 -0.042042 0.598987 56.505156 -0.061787 0.986489 0.151726 7.247540 -0.597273 -0.158338 0.786253 504.834675 
0.783796 -0.043081 0.619522 57.146452 -0.064401 0.986574 0.150084 7.390991 -0.617670 -0.157533 0.770498 505.588440 
0.766478 -0.045738 0.640640 57.793259 -0.065075 0.986798 0.148309 7.524219 -0.638965 -0.155365 0.753383 506.339367 
0.749697 -0.049267 0.659945 58.483978 -0.063663 0.987231 0.146020 7.645630 -0.658712 -0.151485 0.736987 507.052225 
0.732385 -0.053424 0.678792 59.188901 -0.061938 0.987557 0.144554 7.763062 -0.678068 -0.147912 0.719963 507.751720 
0.713794 -0.056376 0.698083 59.893948 -0.062320 0.987688 0.143487 7.888242 -0.697578 -0.145924 0.701492 508.449744 
0.694995 -0.059343 0.716561 60.616691 -0.063819 0.987563 0.143685 7.997958 -0.716177 -0.145591 0.682565 509.132097 
0.677245 -0.062317 0.733113 61.358019 -0.064071 0.987627 0.143139 8.109607 -0.732962 -0.143912 0.664873 509.793888 
0.659891 -0.062321 0.748773 62.090004 -0.065973 0.987899 0.140366 8.229723 -0.748460 -0.142025 0.647794 510.464537 
0.644574 -0.063638 0.761889 62.868052 -0.066156 0.988150 0.138505 8.346468 -0.761675 -0.139680 0.632725 511.081799 
0.629535 -0.067133 0.774067 63.651753 -0.065477 0.988132 0.138950 8.459753 -0.774208 -0.138157 0.617668 511.692518 
0.614876 -0.069796 0.785529 64.454766 -0.067870 0.987697 0.140884 8.579204 -0.785698 -0.139940 0.602575 512.276386 
